5 0.2567206808950383 0.19780911609166457 0.31556700587027975 0.17949451706691696 0.385895540596788 0.19551979121357113 0.40168357900477947 0.26419953755637465 0.38733081681569625 0.32028799706966415 0.3500136351240796 0.38095510633914065 0.30552007233792156 0.38667841853437424 0.2610265095517633 0.33058995902108473 0.2208387754223301 0.2985394107277764 0.23949736626813833 0.24359561365353358
5 0.5509523057712457 0.21383439023831874 0.6370688789057455 0.21040040292117856 0.6930446514431703 0.24359561365353358 0.704526861194437 0.3351686087772716 0.6815624416919037 0.37179780682676683 0.5954458685574039 0.4164396419495891 0.5638697917414206 0.4061376799981686 0.5165056765174458 0.3076967102401502 0.5021529143283626 0.271067512190655
5 0.4260832747262212 0.4805407385362057 0.5050234667661792 0.4748174263409721 0.5581286868657873 0.5366291980494952 0.5509523057712457 0.6087429317094389 0.5495170295523374 0.649950779515121 0.4748826661691043 0.6968819395160367 0.4002483027858712 0.649950779515121 0.3701075021887963 0.5950069824408782 0.36580167353207127 0.5412078478056821
1 0.24523847114377165 0.3603511824362996 0.08161698218822215 0.4656601268285983 0.018464828556255673 0.5515098097571027 0.0773111535314972 0.6030196195142054 0.14620441203909698 0.5480758224399626 0.1921332510441635 0.6694100409789153 0.2926025863677465 0.708328563906504 0.4002483027858712 0.6556740917103546 0.3715427784077046 0.5972963073189718 0.3629311210942547 0.5354845356104485 0.4146010649749545 0.48626405073143936 0.4289538271640378 0.4759620887800188 0.40885996009932124 0.39469105560770135 0.35575473999971297 0.3763764565829537 0.338531425372813 0.42330761658386945 0.31556700587027975 0.42216295414482274
1 0.5796578301494123 0.4198736292667293 0.5279878862687124 0.44505620292575726 0.5193762289552626 0.4954213502438132 0.5609992393036041 0.5331952107323551 0.5509523057712457 0.6396488175637005 0.7016563087566202 0.6991712643941302 0.7619379099507702 0.7151965385407844 0.817913682488195 0.6808566653693826 0.800690367861295 0.6224788809779996 0.9083360842794197 0.5972963073189718 0.8581014166176281 0.44963485268194414 0.7016563087566202 0.37294246926581354 0.6758213368162703 0.42330761658386945 0.6327630502490205 0.45077951512099085 0.6040575258708538 0.4530688399990843
6 0.01990010477516404 0.5526544721961494 0.08735808706385546 0.6087429317094389 0.1849568699496219 0.6739886907351023 0.29403786258665493 0.7117625512236443 0.2524148522383133 0.7735743229321673 0.18208631751180518 0.7277878253702983 0.022770657212980695 0.654529429271308
6 0.8136078538314698 0.62934685561228 0.8279606160205533 0.6602527414665416 0.8466192068663614 0.7266431629312516 0.8681483501499864 0.7953229092740551 0.8781952836823447 0.8582793434216249 0.9327357800008613 0.8868959043977932 0.9255593989063196 0.7678510107369337 0.9083360842794197 0.5995856321970652
6 0.2710734430841217 0.8765939424463726 0.364366397313163 0.8811725922025595 0.3629311210942547 0.916657127813008 0.2696381668652132 0.916657127813008
1 0.4074246838804128 0.6579634165884481 0.2926025863677465 0.7094732263455508 0.25815595711394657 0.870870630251139 0.364366397313163 0.8868959043977932 0.3672369497509796 0.916657127813008 0.6514216410948288 0.9178017902520547 0.7762906721398534 0.8983425287882604 0.7073974136322535 0.708328563906504 0.5452112008956124 0.6533847668322612 0.5624345155225123 0.7140518761017376 0.5236820576119874 0.7483917492731395 0.4662710088556544 0.7415237746388591 0.42751855094512947 0.6945926146379433
2 0.7246207282591535 0.7438130995169525 0.6959152038809869 0.6957372770769901 0.7619379099507702 0.7129072136626909 0.8136078538314698 0.6968819395160367 0.8236547873638281 0.7838762848835878 0.7518909764184117 0.7999015590302421
