5 0.42509225092250924 0.25666320130693576 0.3859778597785978 0.2955056949950305 0.38228782287822877 0.374333108656164 0.4044280442804428 0.4200301600539225 0.45904059040590406 0.5297030834085431 0.5129151291512916 0.563975871956862 0.5594095940959409 0.5262758045537113 0.5579335793357935 0.43945140689796997 0.5439114391143912 0.3811876663658278 0.5047970479704798 0.30921481041435805 0.4531365313653137 0.2578056275918797 0.4354243542435424 0.25666320130693576
5 0.5608856088560885 0.12528417853837984 0.5328413284132841 0.1389932939577074 0.5047970479704798 0.17897821393074614 0.49151291512915135 0.2292449704682806 0.5025830258302583 0.28750871100042275 0.5180811808118082 0.32520877840357354 0.5535055350553506 0.39146950293032345 0.5645756457564576 0.45087566974740956 0.5926199261992621 0.470296916591457 0.6199261992619927 0.45316052231729753 0.640590405904059 0.39489678178515536 0.6391143911439114 0.3149269418390779 0.6501845018450185 0.3012178264197503 0.6538745387453875 0.24181165960266418 0.6450184501845019 0.23152982303816852 0.6317343173431734 0.19154490306512972 0.6162361623616237 0.14927513052220306 0.5822878228782288 0.12071447339860397
5 0.8243542435424355 0.3354906149680692 0.811070110701107 0.3766179612260519 0.8228782287822878 0.45087566974740956 0.8398523985239852 0.49200301600539226 0.8774907749077492 0.47600904801617683 0.9210332103321033 0.4634423588817932 0.9092250922509225 0.40632104463459495 0.9180811808118081 0.3560542880970606 0.9055350553505536 0.30236025270469424 0.8819188191881919 0.2909359898552546
5 0.3505535055350554 0.36290884580672433 0.3328413284132841 0.47143934287640094 0.33579335793357934 0.534272788548319 0.38523985239852404 0.5285606571235991 0.41623616236162364 0.5125666891343836 0.41180811808118084 0.4497332434624656 0.3970479704797048 0.41774530748403466 0.3800738007380074 0.3777603875109959 0.36678966789667894 0.3526270092422287
8 0.8199261992619927 0.5354152148332629 0.9033210332103321 0.49885757371505607 0.9933579335793359 0.5159939679892155 0.998 0.5297668688761191 0.998 0.7387670935532885 0.8848708487084871 0.7490489301177842 0.8317343173431734 0.6222396124890042 0.7992619926199263 0.5925365290804611 0.8 0.5605485931020301
8 0.42066420664206644 0.6176699073492283 0.4428044280442805 0.7844641449510471 0.5542435424354244 0.813024802074646 0.6258302583025831 0.8153096546445341 0.6841328413284133 0.8324460489186934 0.6642066420664208 0.6073880707847327 0.6154981549815499 0.6473729907577713 0.52619926199262 0.6542275484674351 0.46420664206642065 0.6188123336341723
8 0.3608856088560886 0.5411273462579828 0.3771217712177122 0.6233820387739482 0.40738007380073804 0.629094170198668 0.4383763837638377 0.5559788879622543 0.41845018450184507 0.5799698399460775 0.3918819188191882 0.5845395450858534
6 0.34317343173431736 0.5456970513977586 0.3062730627306273 0.594821381650349 0.3084870848708487 0.6873579107308101 0.30479704797047974 0.7444792249780083 0.2929889298892989 0.7753247346714954 0.2988929889298893 0.7913187026607108 0.2988929889298893 0.8004581129402624 0.2996309963099631 0.8084550969348703 0.30332103321033216 0.8198793597843098 0.31881918819188193 0.8233066386391418 0.33579335793357934 0.813024802074646 0.3321033210332104 0.7936035552305987 0.33579335793357934 0.7753247346714954 0.3328413284132841 0.757045914112392 0.3284132841328413 0.7341973884135127 0.3365313653136532 0.6473729907577713
6 0.6612546125461255 0.6051032182148447 0.6738007380073802 0.597106234220237 0.6937269372693727 0.594821381650349 0.7121771217712177 0.598248660505181 0.7291512915129151 0.6382335804782198 0.759409594095941 0.7147761415694652 0.7704797047970481 0.8038853917950944 0.7955719557195572 0.942118972273314 0.7970479704797049 0.9946705813807364 0.7254612546125461 0.9958130076656804 0.6944649446494464 0.8690036900369003 0.6767527675276752 0.7467640775478962
6 0.41918819188191886 0.6108153496395646 0.40295202952029524 0.6508002696126033 0.3859778597785978 0.7547610615425041 0.32177121771217715 0.9912433025259044 0.32619926199261995 0.9935281550957925 0.3845018450184502 0.9935281550957925 0.4383763837638377 0.7810368660962151
1 0.34317343173431736 0.5411273462579828 0.35571955719557197 0.5377000674031509 0.3763837638376384 0.6256668913438361 0.411070110701107 0.629094170198668 0.35793357933579334 0.8381581803434133 0.3498154981549816 0.8347309014885813 0.35129151291512917 0.7341973884135127 0.337269372693727 0.6896427633006981
1 0.43690036900369006 0.8084550969348703 0.45092250922509225 0.7958884078004866 0.4797047970479705 0.7970308340854306 0.5490774907749078 0.813024802074646 0.6265682656826568 0.81416722835959 0.6612546125461255 0.8313036226337496 0.6892988929889299 0.8552945746175726 0.6907749077490776 0.8987067734454435 0.6191881918819189 0.9626826454023054 0.5785977859778597 0.9843887448162406 0.5210332103321033 0.9683947768270252 0.45904059040590406 0.9866735973861287 0.41697416974169743 0.8941370683056675
1 0.6575645756457564 0.39718163435504333 0.6723247232472325 0.4554453748871855 0.6258302583025831 0.5754001348063016 0.6686346863468635 0.6028183656449567 0.7166051660516605 0.6073880707847327 0.7586715867158672 0.7136337152845214 0.7749077490774908 0.8301611963488056 0.8250922509225093 0.8153096546445341 0.7955719557195572 0.5845395450858534 0.7874538745387454 0.4725817691613449 0.7062730627306273 0.41774530748403466
6 0.8236162361623617 0.817594507214422 0.8464944649446495 0.8667188374670124 0.8789667896678967 0.9946705813807364 0.9291512915129151 0.9958130076656804 0.8841328413284133 0.7479065038328403 0.8236162361623617 0.6108153496395646 0.8 0.5913941027955172
6 0.5173431734317344 0.9729644819668012 0.5837638376383765 0.9889584499560166 0.6900369003690037 0.9009916260153313 0.6952029520295203 0.879285526601396 0.7219774029168864 0.9969040247678018 0.4575645756457565 0.9969040247678018 0.3859778597785978 0.9969040247678018 0.41180811808118084 0.8929946420207235 0.4575645756457565 0.9855311711011846
1 0.8848708487084871 0.7513337826876721 0.998 0.7355162642807893 0.998 0.9969040247678018 0.9276752767527675 0.9958130076656804
