5 0.19313304721030045 0.21616595135908442 0.1407725321888412 0.2344778254649499 0.1150214592274678 0.2939914163090129 0.12274678111587983 0.3443490701001431 0.15622317596566523 0.41645207439198856 0.1836909871244635 0.4633762517882689 0.24377682403433476 0.4977110157367668 0.2738197424892704 0.4656652360515022 0.2815450643776824 0.43247496423462084 0.2909871244635193 0.3695278969957081 0.2875536480686695 0.32145922746781114 0.27038626609442057 0.26766809728183116 0.248068669527897 0.2184549356223176 0.20257510729613734 0.2138769670958512
1 0.15107296137339057 0.4359084406294707 0.15107296137339057 0.47024320457796853 0.24034334763948498 0.5721030042918455 0.25321888412017163 0.5801144492131616 0.2575107296137339 0.49427753934191704 0.2738197424892704 0.47138769670958514 0.3090128755364807 0.5045779685264664 0.3450643776824034 0.565236051502146 0.4008583690987124 0.7220314735336195 0.35450643776824037 0.7895565092989987 0.3579399141630901 0.9108726752503578 0.37081545064377686 0.9726752503576539 0.3716738197424893 0.9955650929899857 0.2619324034334774 0.9973333333333333 0.08669527896995709 0.9973333333333333 0.09871244635193134 0.9188841201716738 0.09442060085836909 0.8456366237482118 0.0738197424892704 0.7872675250357655 0.05321888412017168 0.7128755364806868 0.0274678111587983 0.6339055793991416 0.036909871244635184 0.5858369098712446 0.049785407725321904 0.5457796852646638 0.08841201716738198 0.5171673819742488 0.11330472103004291 0.49656652360515025 0.13390557939914163 0.44048640915593706
1 0.9133047210300429 0.44735336194563663 0.9622317596566524 0.5663805436337624 0.9536480686695279 0.6224606580829757 0.8532188841201717 0.5869814020028612 0.832618025751073 0.6293276108726752 0.8437768240343348 0.7472103004291846 0.832618025751073 0.9944206008583693 0.998 0.9966479675149205 0.998 0.5469241773962804 0.9321888412017167 0.4427753934191702
6 0.1982832618025751 0.7128755364806868 0.15450643776824036 0.8181688125894135 0.19313304721030045 0.8559370529327611 0.28841201716738196 0.8021459227467811 0.3785407725321888 0.6293276108726752 0.4369098712446352 0.578969957081545 0.44463519313304717 0.55379113018598 0.44206008583690987 0.519456366237482 0.4480686695278969 0.5080114449213161 0.4472103004291845 0.4919885550786838 0.4386266094420601 0.488555078683834 0.4103004291845494 0.4988555078683834 0.3965665236051502 0.48168812589413446 0.4206008583690987 0.45879828326180255 0.440343347639485 0.43819742489270386 0.4274678111587983 0.42904148783977103 0.39742489270386266 0.43934191702432046 0.38798283261802574 0.47024320457796853 0.3630901287553648 0.5080114449213161 0.35278969957081546 0.5572246065808297 0.3090128755364807 0.6224606580829757 0.2592274678111588 0.6796852646638054
6 0.9115879828326181 0.4530758226037196 0.8583690987124464 0.4633762517882689 0.8429184549356223 0.5011444921316166 0.8583690987124464 0.6636623748211731 0.8703862660944205 0.7620886981402003 0.8643776824034335 0.7872675250357655 0.7768240343347639 0.8010014306151646 0.7682403433476395 0.7838340486409157 0.7124463519313303 0.8055793991416309 0.703862660944206 0.8204577968526467 0.7098712446351931 0.8341917024320459 0.7227467811158799 0.8341917024320459 0.7098712446351931 0.8444921316165952 0.7133047210300428 0.8547925608011445 0.7244635193133047 0.8582260371959943 0.721030042918455 0.8662374821173104 0.736480686695279 0.8731044349070102 0.7381974248927038 0.8742489270386267 0.7407725321888411 0.8799713876967097 0.7424892703862661 0.8856938483547926 0.7931330472103004 0.8467811158798284 0.840343347639485 0.878826895565093 0.9313304721030042 0.8753934191702433 0.9562231759656652 0.7781115879828326 0.9433476394849786 0.5846924177396281
6 0.7373390557939913 0.5801144492131616 0.7725321888412018 0.6030042918454935 0.7896995708154507 0.6453505007153076 0.830901287553648 0.6716738197424892 0.8437768240343348 0.7426323319027182 0.7845493562231759 0.6911301859799714 0.7699570815450643 0.6819742489270386 0.7416309012875536 0.6499284692417739 0.7296137339055795 0.6476394849785407 0.721030042918455 0.6419170243204577 0.7399141630901288 0.6339055793991416 0.7339055793991415 0.6258941344778255 0.7201716738197425 0.6316165951359084 0.7107296137339055 0.6281831187410586 0.7072961373390558 0.6167381974248927 0.7141630901287553 0.6110157367668096 0.7107296137339055 0.6052932761087267 0.7090128755364806 0.5949928469241774 0.7236051502145922 0.5915593705293276 0.7278969957081545 0.5858369098712446
5 0.9261802575107297 0.22875536480686692 0.9141630901287554 0.28025751072961375 0.8866952789699571 0.29742489270386263 0.8832618025751073 0.31459227467811157 0.8918454935622318 0.3317596566523605 0.8884120171673819 0.3786838340486409 0.9227467811158799 0.42446351931330467 0.9965665236051502 0.43133047210300424 0.9974248927038627 0.2390557939914163
6 0.3802575107296137 0.7678111587982833 0.3562231759656652 0.7929899856938484 0.35965665236051503 0.8593705293276108 0.3939914163090129 0.9326180257510731 0.4008583690987124 0.9829756795422031 0.4050000000000001 0.9973333333333333 0.4549356223175966 0.9973333333333333 0.4360515021459227 0.9234620886981402 0.42489270386266087 0.8959942775393419
4 0.5321888412017167 0.41301859799713875 0.559656652360515 0.5503576537911301 0.49613733905579405 0.5503576537911301 0.49613733905579405 0.42446351931330467
4 0.4738197424892704 0.40615164520743924 0.48583690987124456 0.5068669527896995 0.4669527896995708 0.5022889842632332 0.4523605150214592 0.47939914163090125 0.455793991416309 0.45650929899856935 0.4369098712446352 0.4427753934191702 0.44463519313304717 0.40271816881258937
2 0.7484978540772531 0.4198855507868383 0.727038626609442 0.4748211731044349 0.7236051502145922 0.5492131616595135 0.7416309012875536 0.5583690987124463 0.76137339055794 0.45765379113018595 0.7776824034334764 0.5526466380543633 0.7965665236051502 0.5480686695278969 0.7845493562231759 0.4221745350500715 0.7605150214592274 0.41645207439198856
7 0.46866952789699573 0.5022889842632332 0.4703862660944206 0.5949928469241774 0.4523605150214592 0.6190271816881259 0.45150214592274684 0.60758226037196 0.45751072961373385 0.5949928469241774 0.45751072961373385 0.5137339055793991
7 0.503862660944206 0.5526466380543633 0.49356223175965663 0.6110157367668096 0.4815450643776824 0.6304721030042918 0.5090128755364807 0.6178826895565093 0.5184549356223176 0.5549356223175966
7 0.5330472103004292 0.5549356223175966 0.5261802575107297 0.6030042918454935 0.5158798283261802 0.6201716738197425 0.5356223175965665 0.6167381974248927 0.5442060085836911 0.5526466380543633
6 0.054077253218884125 0.47138769670958514 0.047210300429184546 0.4450643776824034 0.042918454935622324 0.45422031473533614 0.042918454935622324 0.5103004291845493 0.045493562231759654 0.542346208869814 0.1072961373390558 0.5022889842632332 0.13476394849785409 0.44048640915593706 0.07124463519313304 0.5068669527896995 0.07296137339055796 0.47138769670958514 0.07982832618025751 0.451931330472103 0.07639484978540773 0.4439198855507868 0.06609442060085836 0.47138769670958514 0.06781115879828326 0.4336194563662375 0.06351931330472103 0.43018597997138763 0.0626609442060086 0.4633762517882689 0.0575107296137339 0.4359084406294707
1 0.76137339055794 0.3317596566523605 0.7390557939914163 0.35121602288984266 0.7356223175965665 0.3706723891273247 0.7450643776824033 0.3786838340486409 0.7476394849785408 0.4084406294706724 0.7811158798283261 0.40042918454935617 0.7914163090128754 0.3718168812589413 0.8128755364806866 0.3592274678111588 0.8017167381974247 0.33519313304721027 0.7871244635193134 0.34320457796852644 0.7759656652360516 0.3569384835479256 0.76137339055794 0.3569384835479256
1 0.4214592274678111 0.36494992846924174 0.4223175965665236 0.40042918454935617 0.41630901287553645 0.4198855507868383 0.39999999999999997 0.41645207439198856 0.39914163090128757 0.37410586552217456 0.40429184549356223 0.3695278969957081 0.4111587982832618 0.3832618025751073
5 0.39484978540772536 0.3271816881258941 0.4103004291845494 0.3283261802575107 0.4257510729613734 0.361516452074392 0.41287553648068664 0.3695278969957081 0.39742489270386266 0.3706723891273247
5 0.5012875536480687 0.2928469241773963 0.5175965665236051 0.3042918454935622 0.5175965665236051 0.3374821173104435 0.5064377682403434 0.34206008583690983
1 0.5133047210300429 0.35007153075822606 0.5227467811158799 0.40386266094420603 0.5030042918454936 0.40615164520743924 0.49699570815450644 0.3535050071530758
2 0.005150214592274679 0.5011444921316166 0.03261802575107296 0.4874105865522174 0.03948497854077254 0.5560801144492131 0.030901287553648075 0.632761087267525 0.0386266094420601 0.7426323319027182 0.01373390557939915 0.7597997138769671 -1.7763568394002505e-18 0.6509457955809886
1 0.02575107296137338 0.43705293276108725 0.021459227467811162 0.4771101573676681 0.0 0.4919885550786838 0.0 0.42331902718168807 0.005150214592274679 0.42331902718168807 0.016309012875536495 0.4507868383404864
