5 0.5003802281368821 0.15859395517190192 0.5429657794676807 0.17457952248826772 0.55893536121673 0.23167083433243127 0.5673003802281369 0.31388232338802685 0.5498098859315589 0.3858173763116729 0.5224334600760456 0.4052284223386885 0.49733840304182514 0.3892428550223227 0.46615969581749056 0.3344351956519257 0.4593155893536122 0.2750602313339956 0.45855513307984797 0.22710352938489822
5 0.12623574144486693 0.592487925187545 0.20912547528517111 0.62217540734651 0.223574144486692 0.6118989712145606 0.2326996197718631 0.6564301944530081 0.17946768060836502 0.7043868964021056 0.1650190114068441 0.7226561161922379 0.13307984790874525 0.7100960275865219 0.11634980988593156 0.6804085454275568 0.11330798479087452 0.6609974994005412 0.11026615969581749 0.6358773221891093 0.12091254752851711 0.6027643613194944
5 0.09125475285171103 0.5570913118441635 0.059315589353612176 0.6096153187407941 0.06692015209125475 0.6552883682161249 0.07300380228136882 0.6941104602701561 0.0988593155893536 0.7306488998504208 0.14068441064638784 0.7089542013496387 0.11102661596958174 0.6701321092956074 0.11026615969581749 0.6335936697153428 0.09429657794676806 0.6278845385309264 0.07376425855513309 0.5981970563719613 0.11711026615969582 0.5730768791605294 0.1285171102661597 0.5502403544228639
5 0.7460076045627377 0.35955537286335765 0.7019011406844108 0.3983774649173889 0.7003802281368823 0.4292067733132372 0.7612167300380229 0.4737379965516848 0.7916349809885932 0.4440505143927197 0.7756653992395438 0.3789664188903733
5 0.8494296577946768 0.48401443268363425 0.8235741444866921 0.5285456559220818 0.8098859315589354 0.5685095742129963 0.8098859315589354 0.6027643613194944 0.8441064638783271 0.6210335811096268 0.8600760456273765 0.6484374107948253 0.8980988593155894 0.5970552301350781 0.9019011406844107 0.5456730494753308 0.885171102661597 0.5022836524737666
5 0.7513307984790876 0.7637618607200356 0.7771863117870723 0.7980166478265338 0.8022813688212929 0.8596752646182304 0.808365019011407 0.9190502289361606 0.7771863117870723 0.9578723209901918 0.711787072243346 0.9704324095959078 0.6631178707224336 0.9361776224894096 0.6403041825095057 0.8996391829091449 0.6897338403041825 0.8425478710649814 0.6904942965779468 0.7877402116945843 0.7186311787072244 0.7637618607200356
5 0.8517110266159696 0.7580527295356193 0.8912547528517111 0.7295070736135375 0.9414448669201522 0.7260815949028877 0.9627376425855514 0.7683291656675687 0.9749049429657796 0.8345550874067985 0.9452471482889735 0.9430285799107093 0.8844106463878328 0.9019228353829114 0.8456273764258556 0.8962137041984951 0.8288973384030419 0.8984973566722616 0.8243346007604563 0.824278651274849
5 0.9429657794676807 0.4657452128935019 0.9186311787072244 0.5114182623688327 0.9186311787072244 0.5776441841080625 0.9216730038022815 0.6393028008997591 0.9384030418250952 0.6415864533735256 0.9627376425855514 0.6335936697153428 0.9832699619771864 0.605048013793261 0.9931558935361217 0.5068509574212996 0.9847908745247149 0.4737379965516848 0.9536121673003803 0.46003608170908555
5 0.8882129277566541 0.3218751070462097 0.8737642585551331 0.3390025005994588 0.8730038022813689 0.38695920254855615 0.8730038022813689 0.4292067733132372 0.8927756653992397 0.4417668619189532 0.9155893536121673 0.43149042578700375 0.9315589353612167 0.4440505143927197 0.932319391634981 0.41093755352310485 0.9330798479087453 0.36298085157400745 0.9239543726235742 0.3298678907043926
5 0.17186311787072245 0.3709736352321904 0.19315589353612167 0.3881010287854394 0.20988593155893537 0.37782459265349 0.20988593155893537 0.42692312083947065 0.19771863117870722 0.46231973418285205 0.17490494296577946 0.46231973418285205 0.1581749049429658 0.43605773073453685 0.1619771863117871 0.3881010287854394
5 0.11482889733840304 0.3858173763116729 0.132319391634981 0.42121398965505435 0.13992395437262356 0.4691706916041517 0.14752851711026616 0.5171273935532491 0.1376425855513308 0.5399639182909145 0.11254752851711027 0.5536658331335138 0.10190114068441065 0.5502403544228639 0.08669201520912549 0.5376802658171479 0.08365019011406843 0.47944712773610115 0.0661596958174905 0.44975964557713605 0.07680608365019012 0.41093755352310485 0.1011406844106464 0.38467555007478965
5 0.059315589353612176 0.4680288653672684 0.044106463878327 0.4783053014992179 0.01368821292775666 0.49885817376311675 0.012927756653992397 0.5182692197901323 0.01368821292775666 0.5445312232384476 0.014448669201520914 0.5776441841080625 0.01977186311787073 0.6039061875563777 0.04334600760456274 0.6141826236883271 0.05779467680608365 0.5959134038981948 0.07452471482889735 0.5696514004498795 0.08821292775665399 0.5559494856072803 0.07984790874524716 0.542247570764681 0.08365019011406843 0.4920072163418171
5 0.32091254752851717 0.34471163178387515 0.3346007604562738 0.32758423823062605 0.3589353612167301 0.32415875951997625 0.3779467680608365 0.3515625892051748 0.3787072243346008 0.40408659610180525 0.35817490494296583 0.43605773073453685 0.33384030418250954 0.420072163418171 0.329277566539924 0.3549880679158246
5 0.2889733840304183 0.4691706916041517 0.3315589353612168 0.46003608170908555 0.33992395437262357 0.48401443268363425 0.32015209125475286 0.5285456559220818 0.3125475285171103 0.5479567019490974 0.28288973384030425 0.5148437410794826 0.28212927756653994 0.4760216490254513
5 0.8015209125475287 0.4337740782607703 0.7893536121673004 0.4611779079459688 0.770342205323194 0.4920072163418171 0.7627376425855514 0.5239783509745487 0.770342205323194 0.5502403544228639 0.7931558935361218 0.554807659370397 0.8000000000000002 0.5685095742129963 0.8167300380228139 0.5376802658171479 0.8334600760456274 0.5011418262368833 0.84106463878327 0.45775242923531895 0.8114068441064639 0.4349159044976536
5 0.8425855513307986 0.4566106029984357 0.861596958174905 0.4371995569714201 0.8920152091254754 0.44975964557713605 0.9041825095057034 0.4588942554722023 0.9072243346007605 0.5091346098950662 0.9003802281368822 0.5308293083958483 0.8836501901140685 0.49885817376311675 0.8517110266159696 0.4828726064467509 0.8448669201520913 0.49429086881558365
5 0.7482889733840304 0.5628004430285799 0.7155893536121674 0.5947715776613115 0.7034220532319392 0.6107571449776773 0.7079847908745247 0.647295584557942 0.7353612167300381 0.6324518434784594 0.7764258555133081 0.6153244499252104 0.8045627376425856 0.5890624464768951 0.8106463878326997 0.567367747976113 0.7802281368821293 0.5456730494753308 0.7680608365019013 0.5468148757122142 0.7612167300380229 0.5433893970015643 0.755893536121673 0.5525240068966305
5 0.1619771863117871 0.5079927836581829 0.19923954372623576 0.4885817376311673 0.22281368821292777 0.4885817376311673 0.24182509505703426 0.5045673049475331 0.2479087452471483 0.5490985281859807 0.24866920152091254 0.5959134038981948 0.2326996197718631 0.6256008860571598 0.2258555133079848 0.6244590598202766 0.2258555133079848 0.6084734925039108 0.21444866920152092 0.5822114890555955 0.19847908745247148 0.5399639182909145 0.17490494296577946 0.5296874821589651 0.155893536121673 0.525120177211432 0.15665399239543726 0.5182692197901323
0 0.30418250950570347 0.3823918976010231 0.2790874524714829 0.3858173763116729 0.26007604562737646 0.4132212059968714 0.23422053231939166 0.4349159044976536 0.2365019011406844 0.46231973418285205 0.27528517110266165 0.4520432980509026 0.3102661596958175 0.4132212059968714 0.32775665399239545 0.4097957272862216
0 0.15741444866920154 0.5171273935532491 0.12395437262357416 0.5525240068966305 0.10950570342205325 0.5844951415293621 0.0790874524714829 0.5947715776613115 0.0935361216730038 0.6118989712145606 0.12547528517110265 0.5947715776613115 0.13916349809885933 0.6027643613194944 0.2167300380228137 0.6176081023989769 0.2349809885931559 0.6096153187407941 0.21520912547528517 0.5730768791605294 0.2 0.5376802658171479 0.1695817490494297 0.5342547871064982 0.16045627376425856 0.5285456559220818
0 0.1726235741444867 0.3390025005994588 0.1490494296577947 0.36754815652154055 0.1520912547528517 0.3960938124436224 0.1741444866920152 0.37325728770595695 0.1908745247148289 0.37782459265349 0.21520912547528517 0.3743991139428402 0.2 0.34471163178387515
0 0.2912547528517111 0.42578129460258735 0.27528517110266165 0.45546877676155245 0.2539923954372624 0.4851562589205175 0.26387832699619773 0.4977163475262335 0.28745247148288977 0.4760216490254513 0.32091254752851717 0.46688703913038515 0.33992395437262357 0.44975964557713605 0.35209125475285175 0.44519234062960295 0.3391634980988594 0.42806494707635395 0.32775665399239545 0.41093755352310485
6 0.15285171102661596 0.9213338814099271 0.13155893536121674 0.9772833670172073 0.12426489226869458 0.996996996996997 0.1870722433460076 0.996996996996997 0.21901140684410647 0.9201920551730438
1 0.4684410646387833 0.33671884812569225 0.4608365019011407 0.3515625892051748 0.43878326996197725 0.37211546146907365 0.4076045627376427 0.3743991139428402 0.3771863117870723 0.39495198620673905 0.3513307984790875 0.4394832094451866 0.329277566539924 0.5102764361319495 0.30114068441064645 0.6278845385309264 0.3406844106463878 0.6781248929537903 0.3695817490494297 0.6906849815595063 0.3756653992395438 0.7306488998504208 0.3832699619771864 0.7477762934036699 0.4349809885931559 0.7683291656675687 0.5741444866920152 0.7740382968519851 0.6068441064638783 0.6667066305849576 0.6433460076045628 0.6941104602701561 0.6828897338403042 0.6838340241382067 0.6806083650190115 0.6495792370317085 0.6631178707224336 0.6507210632685918 0.6562737642585552 0.6107571449776773 0.6547528517110267 0.5628004430285799 0.64106463878327 0.5205528722638989 0.6098859315589354 0.44519234062960295 0.5634980988593157 0.3983774649173889 0.5520912547528518 0.3892428550223227 0.5330798479087453 0.42349764212882085 0.5239543726235741 0.47031251784103495 0.5079847908745247 0.42692312083947065 0.4942965779467681 0.38467555007478965
1 0.244106463878327 0.6632811518743078 0.1832699619771863 0.714663332534055 0.1612167300380228 0.8071512577216 0.1338403041825095 0.8859372680665457 0.12243346007604564 0.9944107605704565 0.23381749049429454 0.996996996996997 0.26920152091254756 0.9944107605704565 0.30874524714828905 0.9099156190410944 0.31330798479087457 0.799158474063417 0.28973384030418253 0.7100960275865219
1 0.7984790874524715 0.5970552301350781 0.7551330798479088 0.6278845385309264 0.7102661596958175 0.6450119320841754 0.6813688212927757 0.7352162047979539 0.6806083650190115 0.7900238641683508 0.7102661596958175 0.7706128181413353 0.7452471482889734 0.7603363820093858 0.8007604562737644 0.8265623037486155 0.8212927756653993 0.8436896973018647 0.838022813688213 0.7854565592208178 0.876045627376426 0.7295070736135375 0.9125475285171103 0.7180888112447048 0.8958174904942966 0.6815503716644401 0.8623574144486693 0.6461537583210587 0.8395437262357415 0.6176081023989769
1 0.6980988593155893 0.6233172335833933 0.6828897338403042 0.6655648043480743 0.6737642585551331 0.6895431553226231 0.6456273764258555 0.6975359389808059 0.6091254752851712 0.6781248929537903 0.5908745247148289 0.7512017721143196 0.5946768060836503 0.8653843958026467 0.6631178707224336 0.8710935269870632 0.6806083650190115 0.8048676052478335 0.6798479087452471 0.739783509745487 0.7079847908745247 0.6564301944530081
1 0.26768060836501906 0.579927836581829 0.24258555133079848 0.6518628895054751 0.285171102661597 0.7089542013496387 0.31634980988593164 0.811718562669133 0.3346007604562738 0.8653843958026467 0.3536121673003803 0.879086310645246 0.33992395437262357 0.6861176766119732 0.30114068441064645 0.6233172335833933
1 0.05779467680608365 0.6267427122940431 0.06768060836501903 0.6861176766119732 0.0935361216730038 0.7477762934036699 0.09581749049429658 0.7808892542732848 0.059315589353612176 0.7980166478265338 0.04106463878326996 0.8071512577216 0.027376425855513312 0.7637618607200356 0.005323193916349816 0.7626200344831524 0.00228136882129278 0.6621393256374245 0.029657794676806085 0.6678484568218409 0.049429657794676805 0.6324518434784594
1 0.27528517110266165 0.525120177211432 0.25779467680608364 0.5787860103449457 0.30190114068441065 0.6176081023989769 0.311787072243346 0.5593749643179301
1 0.21520912547528517 0.4223558158919376 0.23802281368821296 0.4531851242877859 0.23422053231939166 0.46688703913038515 0.2669201520912548 0.45775242923531895 0.2570342205323194 0.4725961703148015 0.2684410646387833 0.5057091311844164 0.2699619771863118 0.5502403544228639 0.25779467680608364 0.579927836581829 0.244106463878327 0.512560088605716 0.21520912547528517 0.4920072163418171 0.1946768060836502 0.4897235638680506 0.17110266159695817 0.49885817376311675 0.15665399239543726 0.44519234062960295 0.17946768060836502 0.4634615604197353 0.20228136882129277 0.4634615604197353
1 0.702661596958175 0.45090147181401935 0.6509505703422054 0.48629808515740075 0.6395437262357415 0.5137019148425992 0.6623574144486692 0.5194110460270156 0.6768060836501902 0.5479567019490974 0.7133079847908745 0.5182692197901323 0.7231939163498099 0.5285456559220818 0.7505703422053233 0.5102764361319495 0.7612167300380229 0.5159855673163658 0.7718631178707225 0.4805889539729844 0.7596958174904944 0.47487982278856805
1 0.9125475285171103 0.5662259217392298 0.9026615969581749 0.5719350529236461 0.9011406844106464 0.605048013793261 0.8714828897338404 0.6461537583210587 0.8973384030418251 0.6884013290857397 0.9216730038022815 0.7203724637184714 0.9422053231939165 0.7283652473766543 0.9711026615969582 0.7888820379314676 0.998 0.7967349478756323 0.998 0.6061898400301442 0.9855513307984791 0.6027643613194944 0.9726235741444867 0.6301681910046929 0.9391634980988594 0.6393028008997591 0.9239543726235742 0.6495792370317085
1 0.6334600760456274 0.8973555304353784 0.6859315589353613 0.976141540780324 0.714828897338403 0.9944107605704565 0.704924904942966 0.996996996996997 0.5612167300380229 0.996694413044223 0.5885931558935361 0.9373194487262928 0.6136882129277567 0.8962137041984951
1 0.8288973384030419 0.9087737928042111 0.7984790874524715 0.9373194487262928 0.7749049429657795 0.9578723209901918 0.7193916349809887 0.9681487571221412 0.7163498098859316 0.9932689343335732 0.7254752851711028 0.9955525868073397 0.952851711026616 0.9944107605704565 0.9406844106463879 0.9681487571221412 0.9384030418250952 0.9487377110951256 0.8768060836501902 0.9110574452779776
2 0.38403041825095063 0.7751801230888683 0.48060836501901144 0.8048676052478335 0.5756653992395439 0.8003003003003003 0.6015209125475286 0.9087737928042111 0.5596958174904944 0.9818506719647405 0.5536121673003803 0.996694413044223 0.3756653992395438 0.9944107605704565 0.3771863117870723 0.8551079596706974 0.38098859315589356 0.7900238641683508
