5 0.33133047210300426 0.3180257510729613 0.37768240343347637 0.28941344778254646 0.4257510729613733 0.28941344778254646 0.4755364806866952 0.3443490701001431 0.48326180257510726 0.43018597997138763 0.4626609442060086 0.48168812589413446 0.4171673819742489 0.5011444921316166 0.4171673819742489 0.5228898426323318 0.3793991416309012 0.542346208869814 0.3416309012875536 0.5228898426323318 0.31330472103004287 0.48054363376251785 0.2978540772532189 0.3958512160228898 0.3158798283261802 0.32603719599427755
5 0.6317596566523604 0.20243204577968527 0.5914163090128755 0.24935622317596567 0.5854077253218883 0.31459227467811157 0.5982832618025751 0.38898426323319024 0.6180257510729614 0.43018597997138763 0.6309012875536479 0.4359084406294707 0.6660944206008583 0.42331902718168807 0.6866952789699571 0.3935622317596566 0.7012875536480686 0.3821173104434907 0.7133047210300428 0.3454935622317597 0.7133047210300428 0.3054363376251788 0.7236051502145922 0.26995708154506437 0.6875536480686695 0.23562231759656652 0.6489270386266094 0.20701001430615162
6 0.15793991416309014 0.39928469241773956 0.2515021459227468 0.3535050071530758 0.29184549356223183 0.41301859799713875 0.2901287553648069 0.48283261802575106 0.3081545064377682 0.5755364806866953 0.32875536480686696 0.5927038626609442 0.40686695278969953 0.5778254649499284 0.4695278969957081 0.5629470672389127 0.505579399141631 0.5824034334763948 0.5158798283261803 0.5984263233190271 0.48497854077253216 0.6133047210300429 0.48412017167381977 0.6247496423462089 0.48497854077253216 0.6316165951359084 0.511587982832618 0.6350500715307582 0.542489270386266 0.6167381974248927 0.5527896995708154 0.6201716738197425 0.5261802575107296 0.6773962804005722 0.5107296137339056 0.6888412017167382 0.4678111587982833 0.6785407725321888 0.4420600858369098 0.6476394849785407 0.37682403433476397 0.644206008583691 0.3424892703862661 0.669384835479256 0.2798283261802575 0.6728183118741058 0.2351931330472103 0.6144492131616596 0.1948497854077253 0.578969957081545 0.16137339055793992 0.49427753934191704
6 0.6841201716738198 0.4210300429184549 0.663519313304721 0.4336194563662375 0.6472103004291845 0.4771101573676681 0.6660944206008583 0.5217453505007152 0.7047210300429184 0.6419170243204577 0.7038626609442059 0.6888412017167382 0.6746781115879829 0.7151645207439199 0.6806866952789699 0.7220314735336195 0.7270386266094421 0.7220314735336195 0.7433476394849785 0.7048640915593706 0.7364806866952789 0.6052932761087267 0.721030042918455 0.5228898426323318 0.7133047210300428 0.4599427753934191 0.7072961373390558 0.43247496423462084
2 0.003433476394849805 0.5263233190271817 0.0274678111587983 0.5824034334763948 0.06437768240343351 0.6052932761087267 0.11330472103004294 0.7266094420600858 0.151931330472103 0.7414878397711017 0.2094420600858369 0.6991416309012877 0.20772532188841203 0.7437768240343349 0.20257510729613737 0.8399141630901289 0.17939914163090132 0.9967095851216023 0.1419742489270442 0.9973333333333333 0.002575107296137361 0.9973333333333333 0.0 0.917010968049594 0.0 0.7552217453505008
2 0.6497854077253219 0.6064377682403433 0.640343347639485 0.6396280400572245 0.6489270386266094 0.697997138769671 0.6815450643776824 0.7048640915593706 0.7047210300429184 0.6819742489270386 0.6987124463519312 0.6190271816881259
8 0.6257510729613733 0.451931330472103 0.6600858369098712 0.4347639484978541 0.6463519313304721 0.48054363376251785 0.6927038626609442 0.6041487839771101 0.6523605150214592 0.6018597997138769 0.6145922746781116 0.5663805436337624 0.6197424892703862 0.5171673819742488
8 0.7124463519313304 0.43705293276108725 0.6849785407725322 0.4210300429184549 0.6987124463519312 0.40500715307582263 0.7133047210300428 0.4187410586552217 0.734763948497854 0.48054363376251785 0.7399141630901287 0.5938483547925608 0.7373390557939914 0.5984263233190271 0.7227467811158798 0.5263233190271817
8 0.2515021459227468 0.3535050071530758 0.28240343347639485 0.36609442060085834 0.2935622317596567 0.3157367668097282 0.2454935622317597 0.28941344778254646 0.17339055793991415 0.32145922746781114 0.12703862660944204 0.3969957081545064 0.04377682403433479 0.4668097281831188 0.0008583690987124441 0.5286123032904149 0.02832618025751074 0.5778254649499284 0.06351931330472106 0.6007153075822603 0.11673819742489272 0.7197424892703863 0.15364806866952793 0.7391988555078685 0.21545064377682402 0.686552217453505 0.2412017167381974 0.6316165951359084 0.19399141630901287 0.5812589413447782 0.15708154506437771 0.48054363376251785 0.15793991416309014 0.398140200286123
7 0.6437768240343347 0.609871244635193 0.623175965665236 0.5743919885550787 0.5579399141630901 0.5274678111587983 0.542489270386266 0.5263233190271817 0.505579399141631 0.5743919885550787 0.5150214592274678 0.5995708154506437 0.4858369098712446 0.6155937052932761 0.4875536480686695 0.6316165951359084 0.511587982832618 0.6281831187410586 0.544206008583691 0.6121602288984263 0.534763948497854 0.5915593705293276 0.5527896995708154 0.6110157367668096 0.5716738197424893 0.6522174535050071 0.6163090128755365 0.7105865522174536 0.6472103004291845 0.7014306151645209 0.6394849785407726 0.644206008583691
