0 0.3804012345679012 0.1879286694101509 0.33496227709190673 0.21993598536808415 0.31781550068587106 0.2896662094192959 0.33239026063100136 0.37654320987654316 0.35468106995884774 0.3399634202103338 0.4507030178326475 0.27137631458619116 0.47470850480109744 0.27137631458619116 0.44898834019204387 0.216506630086877 0.41212277091906724 0.18907178783721998 0.39326131687242794 0.18335619570187475
5 0.44555898491083673 0.27366255144032925 0.47213648834019206 0.27594878829446734 0.47385116598079563 0.33081847279378146 0.4798525377229081 0.3639689071787837 0.4678497942386831 0.4279835390946502 0.4309842249657064 0.46113397347965246 0.35125171467764055 0.40855052583447643 0.33496227709190673 0.37654320987654316 0.35296639231824417 0.3468221307727481
5 0.535579561042524 0.21764974851394608 0.4807098765432099 0.27594878829446734 0.48413923182441704 0.3513946044810243 0.46356310013717417 0.4919981710105167 0.5252914951989026 0.5697302240512117 0.5475823045267489 0.5148605395518976 0.5835905349794238 0.5080018289894833 0.6153120713305898 0.5514403292181069 0.634173525377229 0.4542752629172382 0.6273148148148148 0.30909922267946965 0.618741426611797 0.22107910379515322
1 0.3315329218106996 0.40626428898033834 0.4026920438957476 0.5217192501143118 0.4275548696844993 0.4885688157293095 0.4498456790123457 0.5080018289894833 0.4138374485596708 0.5388660265203475 0.39326131687242794 0.5342935528120714 0.3358196159122085 0.5708733424782808 0.3169581618655693 0.602880658436214 0.3083847736625514 0.6211705532693187 0.3821159122085048 0.6748971193415638 0.40955075445816186 0.6943301326017375 0.42326817558299035 0.7297668038408779 0.39840534979423864 0.8143575674439874 0.3924039780521262 0.8943758573388204 0.3366769547325103 0.9423868312757203 0.26037379972565156 0.9458161865569272 0.11119684499314132 0.9926840420667582 0.09319272976680387 0.9938271604938271 0.11205418381344309 0.8680841335162323 0.13863168724279837 0.8372199359853681 0.15406378600823048 0.7686328303612255 0.16949588477366256 0.7114769090077733 0.20979080932784638 0.5182898948331047 0.26380315500685875 0.43712848651120256 0.3161008230452675 0.41769547325102874
2 0.39497599451303156 0.8955189757658893 0.3306755829903978 0.9446730681298583 0.26294581618655694 0.9503886602652035 0.10948216735253774 0.9938271604938271 0.10753772290809324 0.9944444444444445 0.09319272976680387 0.9938271604938271 0.23671124828531795 0.9944444444444445 0.38468792866941015 0.9944444444444445
6 0.3975480109739369 0.5400091449474166 0.6316015089163237 0.5925925925925926 0.8382201646090535 0.5800182898948331 0.8836591220850479 0.5960219478737997 0.911093964334705 0.632601737540009 0.9085219478737997 0.6611796982167353 0.8879458161865569 0.6520347508001829 0.9025205761316872 0.6771833561957018 0.8930898491083675 0.6931870141746684 0.8862311385459534 0.6874714220393232 0.8725137174211248 0.708047553726566 0.856224279835391 0.7000457247370827 0.8527949245541838 0.7114769090077733 0.8425068587105624 0.7251943301326018 0.8133573388203017 0.7114769090077733 0.7593449931412893 0.6680384087791496 0.5938786008230452 0.6954732510288065 0.4935699588477366 0.6989026063100137 0.40183470507544583 0.6748971193415638 0.3804012345679012 0.6726108824874256 0.3066700960219479 0.6223136716963877 0.3169581618655693 0.5925925925925926 0.33753429355281206 0.5674439871970736
6 0.7053326474622771 0.6748971193415638 0.5484396433470508 0.7674897119341564 0.5715877914951989 0.8463648834019205 0.594735939643347 0.8486511202560586 0.6633230452674896 0.7674897119341564 0.7456275720164609 0.7754915409236397 0.7559156378600823 0.7674897119341564 0.7773491083676268 0.7526291723822589 0.7919238683127572 0.7446273433927756 0.8210733882030178 0.7206218564243256 0.7842078189300411 0.6851851851851851 0.768775720164609 0.6989026063100137 0.7464849108367627 0.6726108824874256
6 0.42241083676268865 0.7537722908093278 0.46442043895747603 0.8898033836305441 0.47213648834019206 0.962962962962963 0.46155219715245255 0.9944444444444445 0.4249828532235939 0.9944444444444445 0.412980109739369 0.911522633744856 0.3966906721536351 0.8189300411522634
1 0.46527777777777773 0.49885688157293095 0.4155521262002743 0.5491540923639688 0.42326817558299035 0.7240512117055327 0.476423182441701 0.9572473708276178 0.6401748971193416 0.9755372656607224 0.6967592592592593 0.9572473708276178 0.6744684499314129 0.7754915409236397 0.7104766803840878 0.8920896204846822 0.7653463648834019 0.9012345679012346 0.761059670781893 0.7720621856424326 0.7207647462277093 0.553726566072245 0.6393175582990397 0.47828074988568814 0.6127400548696845 0.5560128029263832 0.5330075445816186 0.5685871056241426
2 0.48242455418381347 0.964106081390032 0.4849527511050144 0.9944444444444445 0.725051440329218 0.9944444444444445 0.6993312757201645 0.9583904892546868 0.6376028806584362 0.9835390946502057 0.4909979423868312 0.9606767261088249
