5 0.4555133079847909 0.3492789367314082 0.352851711026616 0.3881010287854394 0.3026615969581749 0.43605773073453685 0.3239543726235742 0.4885817376311673 0.3604562737642586 0.5239783509745487 0.4212927756653993 0.5513821806597472 0.45855513307984797 0.5022836524737666
5 0.5444866920152092 0.14945934527683574 0.5406844106463878 0.053545941378640986 0.5802281368821294 0.007872891903310133 0.7627376425855514 0.011298370613959947 0.817490494296578 0.1391829091448863 0.8091254752851712 0.2990385823085443 0.773384030418251 0.42806494707635395 0.7619771863117871 0.4566106029984357 0.7353612167300381 0.46003608170908555 0.6653992395437263 0.5342547871064982 0.5863117870722434 0.5239783509745487 0.5627376425855514 0.4920072163418171 0.5399239543726236 0.41893033718128775 0.5315589353612168 0.2910457986503614 0.5422053231939163 0.2510818803594469
5 0.20836501901140683 0.31730780209867665 0.16730038022813687 0.32758423823062605 0.16806083650190115 0.35955537286335765 0.18403041825095057 0.3743991139428402 0.21368821292775667 0.3618390253371242 0.21216730038022813 0.3378606743625755
5 0.8737642585551331 0.3686899827584238 0.876045627376426 0.415504858470638 0.8958174904942966 0.432632252023887 0.9209125475285171 0.4223558158919376 0.9216730038022815 0.37211546146907365 0.9155893536121673 0.34813711049452495 0.8965779467680609 0.335577021888809
5 0.9520912547528518 0.6872595028488565 0.9657794676806084 0.6735575880062572 0.9840304182509507 0.6826921979013234 0.9885931558935361 0.7180888112447048 0.9680608365019012 0.7500599458774364 0.9520912547528518 0.7432089884561368 0.9452471482889735 0.7169469850078215
5 0.03726235741444868 0.48629808515740075 0.029657794676806085 0.44975964557713605 0.049429657794676805 0.390384681259206 0.07680608365019012 0.4052284223386885 0.07756653992395436 0.44747599310336955 0.05779467680608365 0.4760216490254513 0.04638783269961977 0.487439911394284
5 0.13307984790874525 0.42806494707635395 0.13916349809885933 0.3709736352321904 0.16273764258555132 0.3584135466264744 0.17490494296577946 0.3892428550223227 0.1490494296577947 0.43034859955012045
5 0.07148288973384033 0.390384681259206 0.07452471482889735 0.35727172038959115 0.060836501901140684 0.3298678907043926 0.0479087452471483 0.3344351956519257 0.03193916349809886 0.3709736352321904 0.0258555133079848 0.40865390104933835 0.0479087452471483 0.390384681259206
5 0.018250950570342213 0.3812500713641398 0.018250950570342213 0.4006611173911554 0.004562737642585553 0.41093755352310485 0.0 0.34014432683634205 0.007604562737642588 0.3218751070462097 0.01977186311787073 0.33671884812569225
0 0.4524714828897339 0.35727172038959115 0.4600760456273765 0.4725961703148015 0.476045627376426 0.47145434407791825 0.5064638783269962 0.3858173763116729 0.5095057034220534 0.33329336941504245 0.47908745247148293 0.31730780209867665 0.4288973384030419 0.2396636179906142 0.3756653992395438 0.1917069160415168 0.3482889733840304 0.17001221754073462 0.3330798479087453 0.2042670046472328 0.3072243346007605 0.22481987691113167 0.2760456273764259 0.2921876248872447 0.2623574144486693 0.44519234062960295 0.2258555133079848 0.5593749643179301 0.26311787072243353 0.5216946985007822 0.3003802281368822 0.512560088605716 0.3224334600760457 0.4920072163418171 0.3049429657794677 0.43605773073453685 0.35057034220532324 0.3892428550223227
0 0.18479087452471485 0.2750602313339956 0.17110266159695817 0.30018040854542755 0.15513307984790875 0.31388232338802685 0.155893536121673 0.3184496283355599 0.17566539923954372 0.32415875951997625 0.20456273764258553 0.3184496283355599 0.21444866920152092 0.30703136596672714 0.20456273764258553 0.28076936251841195
1 0.5695817490494297 0.5137019148425992 0.5604562737642587 0.48173078020986765 0.5490494296577947 0.4611779079459688 0.47452471482889735 0.4634615604197353 0.4631178707224335 0.48401443268363425 0.46615969581749056 0.5148437410794826 0.4844106463878328 0.5490985281859807 0.4889733840304183 0.6210335811096268 0.5003802281368821 0.6370191484259925 0.4950570342205324 0.6952522865070393 0.49125475285171105 0.7854565592208178 0.47452471482889735 0.8859372680665457 0.4608365019011407 0.8859372680665457 0.4517110266159696 0.954446842279542 0.4904942965779468 0.996694413044223 0.8920152091254754 0.9955525868073397 0.9003802281368822 0.8825117893558959 0.8965779467680609 0.8140022151428995 0.885171102661597 0.731790726087304 0.7543726235741446 0.5079927836581829 0.7543726235741446 0.5730768791605294 0.7239543726235742 0.6244590598202766 0.6570342205323194 0.6541465419792416 0.6030418250950571 0.647295584557942 0.5794676806083651 0.6244590598202766 0.5650190114068441 0.5696514004498795
1 0.32091254752851717 0.49657452128935026 0.27680608365019016 0.525120177211432 0.23954372623574144 0.5399639182909145 0.2273764258555133 0.6004807088457279 0.23574144486692014 0.7078123751127553 0.26768060836501906 0.7329325523241874 0.2501901140684411 0.8847954418296624 0.2517110266159696 0.996694413044223 0.35437262357414456 0.996694413044223 0.4577946768060837 0.9407449274369426 0.4950570342205324 0.7774637755626348 0.4942965779467681 0.6929686340332728 0.49885931558935365 0.6415864533735256 0.4889733840304183 0.6210335811096268 0.4828897338403042 0.5445312232384476 0.4600760456273765 0.5011418262368833 0.42357414448669206 0.5479567019490974 0.35969581749049434 0.5239783509745487
1 0.8874524714828897 0.45546877676155245 0.8775665399239545 0.42578129460258735 0.870722433460076 0.4349159044976536 0.8745247148288974 0.45546877676155245 0.8661596958174905 0.49429086881558365 0.8463878326996198 0.5593749643179301 0.8441064638783271 0.5981970563719613 0.8692015209125477 0.6141826236883271 0.9330798479087453 0.6187499286358602 0.9574144486692016 0.5353966133433814 0.9422053231939165 0.4725961703148015 0.9171102661596959 0.42578129460258735 0.9140684410646388 0.42806494707635395 0.9148288973384031 0.487439911394284 0.905703422053232 0.48401443268363425
1 0.04106463878326996 0.49429086881558365 0.08593155893536121 0.48401443268363425 0.10798479087452471 0.5091346098950662 0.11939163498098858 0.5536658331335138 0.10798479087452471 0.5981970563719613 0.10494296577946767 0.6609974994005412 0.003802281368821298 0.7055287226389888 0.012167300380228141 0.6324518434784594 0.014448669201520914 0.5993388826088446 0.0 0.5879206202400119 0.004562737642585553 0.5274038296851986
1 0.14068441064638784 0.43834138320830335 0.13688212927756654 0.48401443268363425 0.16653992395437262 0.5102764361319495 0.18935361216730037 0.49657452128935026 0.1832699619771863 0.5936297514244282 0.22433460076045625 0.6061898400301442 0.22281368821292777 0.5662259217392298 0.25475285171102663 0.4588942554722023 0.2593155893536122 0.39723563868050565 0.2334600760456274 0.3515625892051748 0.22205323193916351 0.365264504047774 0.2129277566539924 0.3983774649173889 0.19695817490494297 0.40637024857557175 0.18098859315589355 0.3881010287854394 0.1543726235741445 0.4292067733132372
1 0.1285171102661597 0.4394832094451866 0.11558935361216731 0.46460338665661866 0.10190114068441065 0.4931490425787004 0.11939163498098858 0.5445312232384476 0.11330798479087452 0.5902042727137785 0.11178707224334601 0.6233172335833933 0.13688212927756654 0.6495792370317085 0.18098859315589355 0.6301681910046929 0.18783269961977186 0.5433893970015643 0.14296577946768063 0.5285456559220818 0.13460076045627378 0.4897235638680506 0.13840304182509505 0.43605773073453685
1 0.9475285171102662 0.74435081469302 0.9376425855513308 0.7603363820093858 0.9338403041825096 0.794591169115884 0.9391634980988594 0.8254204775117323 0.9368821292775666 0.8653843958026467 0.9520912547528518 0.8710935269870632 0.9863117870722434 0.8619589170919969 0.9840304182509507 0.794591169115884 0.998 0.8029813083045021 0.9969581749049431 0.7512017721143196 0.9741444866920153 0.7420671622192535 0.9642585551330799 0.7500599458774364
2 0.011406844106463879 0.6975359389808059 0.07224334600760457 0.6792667191906736 0.10570342205323195 0.6758412404800237 0.1026615969581749 0.7763219493257516 0.05627376425855514 0.8048676052478335 0.0030418250950570353 0.8048676052478335 0.0007604562737642624 0.7340743785610706
2 0.11787072243346008 0.6381609746628758 0.11178707224334601 0.6998195914545724 0.13840304182509505 0.7089542013496387 0.1726235741444867 0.7340743785610706 0.1832699619771863 0.6370191484259925 0.13992395437262356 0.6507210632685918
2 0.18935361216730037 0.5993388826088446 0.18098859315589355 0.7808892542732848 0.244106463878327 0.7877402116945843 0.2311787072243346 0.7112378538234052 0.22509505703422056 0.605048013793261
2 0.8433460076045628 0.6084734925039108 0.9406844106463879 0.6210335811096268 0.9216730038022815 0.7546272508249695 0.9026615969581749 0.8847954418296624 0.8973384030418251 0.8140022151428995 0.9148288973384031 0.7877402116945843 0.9148288973384031 0.7580527295356193 0.9034220532319392 0.7409253359823702 0.8821292775665399 0.7374998572717204 0.8836501901140685 0.719230637481588 0.834980988593156 0.6370191484259925
6 0.8661596958174905 0.432632252023887 0.8441064638783271 0.45090147181401935 0.8258555133079849 0.554807659370397 0.838022813688213 0.6027643613194944 0.8471482889733841 0.5490985281859807 0.8737642585551331 0.47031251784103495 0.8730038022813689 0.4394832094451866
6 0.3832699619771864 0.6689902830587241 0.38098859315589356 0.5765023578711791 0.36425855513307986 0.5765023578711791 0.3460076045627377 0.6941104602701561 0.332319391634981 0.6929686340332728 0.2912547528517111 0.7420671622192535 0.26311787072243353 0.7409253359823702 0.24714828897338403 0.8025839527740668 0.27072243346007613 0.8608170908551137 0.29961977186311795 0.9042064878566779 0.35209125475285175 0.9944107605704565 0.48973384030418254 0.9944107605704565 0.38859315589353616 0.8573916121444639 0.3878326996197719 0.7420671622192535
6 0.14068441064638784 0.48401443268363425 0.16730038022813687 0.5091346098950662 0.19695817490494297 0.4805889539729844 0.23422053231939166 0.49657452128935026 0.2349809885931559 0.5262620034483152 0.2038022813688213 0.5239783509745487 0.19011406844106463 0.5433893970015643 0.1452471482889734 0.5319711346327316 0.1300380228136882 0.4885817376311673
7 0.11102661596958174 0.7032450701652223 0.13536121673003804 0.7158051587709383 0.11939163498098858 0.824278651274849 0.10570342205323195 0.824278651274849 0.10798479087452471 0.769470991904452
7 0.15133079847908745 0.7283652473766543 0.15893536121673002 0.7888820379314676 0.17490494296577946 0.782031080510168 0.1802281368821293 0.7409253359823702
7 0.015209125475285176 0.8037257790109501 0.06007604562737644 0.8048676052478335 0.059315589353612176 0.8505406547231642 0.05475285171102662 0.9441704061475925 0.03574144486692016 0.996694413044223 0.02949429657794776 0.996996996996997 0.011406844106463879 0.996996996996997 0.025095057034220537 0.9281848388312266
7 0.06235741444866921 0.8025839527740668 0.07832699619771864 0.9167665764623939 0.08212927756653994 0.9944107605704565 0.1026615969581749 0.9921271080966899 0.10418250950570342 0.8984973566722616 0.10190114068441065 0.8916463992509619 0.08669201520912549 0.8905045730140787 0.08212927756653994 0.8528243071969307 0.08365019011406843 0.7911656904052341
