5 0.26920152091254756 0.18028865367268407 0.24410646387832702 0.12205551559163724 0.21901140684410644 0.10264446956462163 0.17566539923954372 0.11406273193345434 0.1490494296577947 0.14489204032930267 0.14600760456273765 0.19741604722593314 0.13840304182509505 0.20883430959476587 0.14068441064638784 0.23737996551684765 0.1452471482889734 0.2510818803594469 0.152851711026616 0.25564918530698 0.15741444866920154 0.30703136596672714 0.18479087452471482 0.34813711049452495 0.22585551330798478 0.3378606743625755 0.24638783269961975 0.2990385823085443 0.2623574144486692 0.243089096701264
5 0.0950570342205323 0.21111796206853242 0.05475285171102661 0.17343769625138444 0.008365019011406844 0.17343769625138444 0.0 0.18495111080662407 0.0 0.3378606743625755 0.04486692015209124 0.3378606743625755 0.08365019011406843 0.3298678907043926 0.09581749049429658 0.28990397241347815 0.0950570342205323 0.2750602313339956 0.08897338403041823 0.24994005412256362 0.09277566539923952 0.22253622443736512
5 0.308745247148289 0.19513239475216662 0.28365019011406845 0.20540883088411607 0.2661596958174905 0.2396636179906142 0.25475285171102663 0.2864784937028283 0.26539923954372624 0.335577021888809 0.27832699619771867 0.3424279793101086 0.29125475285171104 0.38695920254855615 0.3224334600760456 0.3858173763116729 0.3475285171102661 0.3538462416789413 0.3574144486692015 0.3058895397298439 0.3574144486692015 0.27049292638646255 0.35133079847908744 0.23167083433243127 0.3361216730038023 0.20883430959476587
5 0.5163498098859316 0.29332945112412795 0.5376425855513307 0.2864784937028283 0.5612167300380229 0.29332945112412795 0.5802281368821294 0.34471163178387515 0.5779467680608366 0.39951929115427215 0.5536121673003802 0.41664668470752125 0.5285171102661598 0.41893033718128775 0.511787072243346 0.3938101599698558 0.5011406844106464 0.36754815652154055 0.5026615969581749 0.34813711049452495 0.5110266159695818 0.3058895397298439
5 0.4410646387832699 0.335577021888809 0.4539923954372624 0.3321515431781592 0.47224334600760454 0.36754815652154055 0.4684410646387833 0.39266833373297255 0.4608365019011407 0.40751207481245505 0.44182509505703427 0.40408659610180525 0.42737642585551333 0.3743991139428402 0.4258555133079848 0.35727172038959115
5 0.6243346007604564 0.3538462416789413 0.6106463878326998 0.3504207629682915 0.5946768060836503 0.38010824512725655 0.5878326996197718 0.40865390104933835 0.5992395437262358 0.43605773073453685 0.6365019011406844 0.42692312083947065 0.6494296577946768 0.4006611173911554 0.6479087452471484 0.37325728770595695 0.6357414448669201 0.35270441544205805
5 0.6973384030418252 0.25679101154386325 0.6684410646387833 0.28419484122906175 0.6623574144486692 0.33671884812569225 0.6669201520912548 0.3698318089953071 0.667680608365019 0.39152650749608925 0.6722433460076045 0.41893033718128775 0.6874524714828897 0.4463341668664863 0.7178707224334601 0.4588942554722023 0.7391634980988593 0.4292067733132372 0.7475285171102662 0.39951929115427215 0.7619771863117871 0.34813711049452495 0.7536121673003802 0.29789675607166105 0.7376425855513308 0.2625001427282796
5 0.7231939163498098 0.25450735907009675 0.7399239543726235 0.23281266056931457 0.7756653992395438 0.2362381392799644 0.7741444866920153 0.27277657886022905 0.7749049429657796 0.3812500713641398 0.7596958174904944 0.36754815652154055 0.7627376425855514 0.3195914545724432 0.7551330798479087 0.29675492983477775 0.7368821292775665 0.26478379520204615
5 0.8220532319391635 0.19284874227840007 0.7923954372623575 0.21340161454229895 0.779467680608365 0.24994005412256362 0.7779467680608366 0.2910457986503614 0.7885931558935361 0.3515625892051748 0.8038022813688213 0.3881010287854394 0.8357414448669201 0.39723563868050565 0.8722433460076044 0.36412267781089075 0.8745247148288975 0.32758423823062605 0.8866920152091254 0.28533666746594505 0.8813688212927757 0.243089096701264 0.8623574144486693 0.2168270932529488 0.8357414448669201 0.19513239475216662
5 0.996958174904943 0.18485595862021717 0.9787072243346008 0.1917069160415168 0.9665399239543726 0.2156852670160655 0.9642585551330799 0.23167083433243127 0.9513307984790874 0.27049292638646255 0.9581749049429659 0.29332945112412795 0.9581749049429659 0.3150241496249101 0.9650190114068441 0.335577021888809 0.9908745247148291 0.33329336941504245 0.998 0.32917840332289006
5 0.3961977186311787 0.33329336941504245 0.3832699619771864 0.33671884812569225 0.3779467680608365 0.3618390253371242 0.3809885931558935 0.37325728770595695 0.4022813688212928 0.3698318089953071 0.4091254752851711 0.3709736352321904 0.4053231939163498 0.3412861530732253
1 0.1429657794676806 0.30931501844049375 0.2106463878326996 0.3881010287854394 0.21901140684410644 0.37668276641660675 0.22129277566539923 0.35270441544205805 0.23498098859315586 0.3823918976010231 0.23878326996197716 0.40637024857557175 0.27604562737642585 0.44519234062960295 0.3186311787072243 0.5456730494753308 0.34600760456273766 0.6621393256374245 0.34600760456273766 0.7980166478265338 0.32167300380228137 0.9087737928042111 0.31558935361216733 0.8733771794608297 0.28973384030418253 0.8596752646182304 0.25475285171102663 0.8882209205403122 0.24182509505703423 0.9247593601205769 0.23574144486692017 0.9624396259377248 0.23425659266527657 0.996996996996997 0.0015209125475284964 0.996996996996997 0.0015209125475284964 0.4132212059968714 0.11863117870722434 0.35270441544205805
1 0.002281368821292773 0.34014432683634205 0.040304182509505695 0.3424279793101086 0.07072243346007605 0.3298678907043926 0.10494296577946767 0.3515625892051748 0.0 0.4093767838467896
1 0.24562737642585553 0.41093755352310485 0.2768060836501901 0.40751207481245505 0.30798479087452474 0.5022836524737666 0.3376425855513308 0.5137019148425992 0.352851711026616 0.432632252023887 0.3505703422053232 0.415504858470638 0.3619771863117871 0.38467555007478965 0.3885931558935361 0.43034859955012045 0.39315589353612174 0.5 0.4098859315589354 0.6130407974514438 0.420532319391635 0.7877402116945843 0.41520912547528516 0.8140022151428995 0.3771863117870723 0.7751801230888683 0.3490494296577947 0.7649036869569189 0.3429657794676806 0.6552883682161249 0.32167300380228137 0.5479567019490974 0.2775665399239544 0.4440505143927197
1 0.5193916349809885 0.41893033718128775 0.5026615969581749 0.44290868815583645 0.42737642585551333 0.48401443268363425 0.41064638783269963 0.5445312232384476 0.41368821292775665 0.6118989712145606 0.4319391634980988 0.8733771794608297 0.4821292775665399 0.86652622203953 0.4806083650190114 0.8094349101953665 0.5703422053231939 0.8048676052478335 0.5908745247148288 0.6632811518743078 0.6342205323193916 0.4977163475262335 0.6479087452471484 0.4737379965516848 0.617490494296578 0.4520432980509026 0.5832699619771863 0.4371995569714201 0.5726235741444866 0.41436303223375465 0.5596958174904944 0.44747599310336955 0.5444866920152092 0.4520432980509026
1 0.6866920152091255 0.46003608170908555 0.6669201520912548 0.47487982278856805 0.6425855513307985 0.4828726064467509 0.6311787072243347 0.512560088605716 0.5931558935361217 0.6621393256374245 0.5718631178707224 0.811718562669133 0.6091254752851712 0.8060094314847167 0.6273764258555133 0.7580527295356193 0.6965779467680608 0.7957329953527673 0.7079847908745248 0.9533050160426586 0.740684410646388 0.9624396259377248 0.7901140684410646 0.996996996996997 0.790874524714829 0.9304684913049933 0.7992395437262357 0.7808892542732848 0.8076045627376427 0.6233172335833933 0.8288973384030419 0.5296874821589651 0.8045627376425855 0.48401443268363425 0.7467680608365019 0.4531851242877859 0.7239543726235743 0.49885817376311675 0.7178707224334601 0.5468148757122142 0.6958174904942966 0.567367747976113 0.6722433460076045 0.5536658331335138 0.6760456273764259 0.5011418262368833
1 0.8334600760456273 0.4417668619189532 0.8433460076045628 0.45775242923531895 0.864638783269962 0.4463341668664863 0.9201520912547531 0.37211546146907365 0.9665399239543726 0.40180294362803864 0.998 0.45721599048595224 0.998 0.5159855673163658 0.9718631178707225 0.44290868815583645 0.943726235741445 0.44062503568206995 0.9269961977186313 0.4634615604197353 0.9239543726235743 0.5342547871064982 0.9368821292775668 0.6164662761620937 0.9657794676806084 0.7546272508249695 0.9673003802281369 0.8939300517247286 0.9125475285171103 0.8756608319345962 0.8904942965779469 0.879086310645246 0.8714828897338402 0.8722353532239464 0.861596958174905 0.853966133433814 0.8539923954372624 0.86652622203953 0.8326996197718631 0.8596752646182304 0.8182509505703421 0.8334132611699152 0.8007604562737642 0.8185695200904327 0.8 0.7786056017995181 0.8076045627376427 0.6256008860571598 0.8326996197718631 0.5285456559220818 0.8258555133079849 0.47944712773610115
1 0.9771863117870724 0.3664063302846573 0.996958174904943 0.34699528425764165 0.9977186311787073 0.45775242923531895 0.9688212927756654 0.40637024857557175 0.943726235741445 0.38695920254855615
1 0.7566539923954372 0.37325728770595695 0.7741444866920153 0.38010824512725655 0.7733840304182509 0.4223558158919376 0.7893536121673003 0.4725961703148015 0.7460076045627377 0.44975964557713605 0.740684410646388 0.42578129460258735 0.7543726235741445 0.39266833373297255
1 0.4357414448669202 0.39951929115427215 0.41596958174904936 0.4097957272862216 0.40760456273764256 0.44519234062960295 0.4144486692015209 0.5114182623688327 0.42737642585551333 0.4805889539729844 0.46768060836501907 0.45775242923531895 0.4577946768060836 0.4520432980509026 0.46463878326996194 0.42806494707635395 0.4790874524714829 0.41664668470752125 0.4692015209125476 0.4097957272862216
1 0.38403041825095063 0.3789664188903733 0.39543726235741444 0.3789664188903733 0.4144486692015209 0.3960938124436224 0.41520912547528516 0.4097957272862216 0.40760456273764256 0.4394832094451866 0.4129277566539924 0.5205528722638989 0.41216730038022814 0.5525240068966305 0.3923954372623575 0.49657452128935026 0.38935361216730036 0.4292067733132372
6 0.9543726235741447 0.44290868815583645 0.9307984790874525 0.4725961703148015 0.9254752851711028 0.5513821806597472 0.9627376425855514 0.7306488998504208 0.970342205323194 0.8905045730140787 0.9756653992395439 0.9944107605704565 0.998 0.9924380878306176 0.998 0.5137019148425992 0.9749049429657796 0.44747599310336955
6 0.5779467680608366 0.8174276938535495 0.5771863117870724 0.8631007433288802 0.5779467680608366 0.9578723209901918 0.5901140684410645 0.9749997145434408 0.5954372623574146 0.9738578883065575 0.6007604562737643 0.9236175338836936 0.6045627376425855 0.9396031012000593 0.6091254752851712 0.9635814521746081 0.6152091254752852 0.967006930885258 0.6076045627376427 0.8973555304353784 0.596958174904943 0.8631007433288802 0.6038022813688212 0.8048676052478335
2 0.4091254752851711 0.816285867616666 0.40152091254752853 0.9932689343335732 0.3338403041825095 0.9932689343335732 0.33460076045627374 0.9578723209901918 0.32547528517110264 0.9076319665673278 0.3452471482889734 0.8014421265371836 0.3490494296577947 0.7671873394306855 0.382509505703422 0.7786056017995181
2 0.461596958174905 0.9121992715148609 0.46912699619771864 0.996996996996997 0.6098859315589354 0.996694413044223 0.6129277566539925 0.9647232784114913 0.5901140684410645 0.9784251932540905 0.5726235741444866 0.9578723209901918 0.5718631178707224 0.819711346327316 0.5642585551330799 0.8060094314847167 0.4821292775665399 0.811718562669133 0.48441064638783277 0.8779444844083627 0.48517110266159696 0.9019228353829114
2 0.8007604562737642 0.8379805661174482 0.7923954372623575 0.9944107605704565 0.9284676806083626 0.996996996996997 0.9741444866920154 0.996996996996997 0.9650190114068441 0.9053483140935613 0.9171102661596958 0.8836536155927791 0.8866920152091254 0.8836536155927791 0.861596958174905 0.8676680482764134 0.853231939163498 0.8688098745132966 0.8228136882129277 0.8585334383813472 0.8121673003802282 0.8334132611699152 0.8 0.8265623037486155
2 0.6266159695817491 0.7740382968519851 0.6129277566539925 0.824278651274849 0.6159350878500957 0.996996996996997 0.732319391634981 0.996996996996997 0.738403041825095 0.9612977997008415 0.7049429657794676 0.9510213635688921 0.6958174904942966 0.7957329953527673 0.6319391634980989 0.7626200344831524
