5 0.052471482889733835 0.19650464977781848 0.01901140684410646 0.22971734848137798 0.015209125475285162 0.3213385862843007 0.0365019011406844 0.3373723028998122 0.06083650190114068 0.38547345274634665 0.08441064638783269 0.43013880617527145 0.08897338403041823 0.396926107471712 0.0988593155893536 0.3889092491639562 0.10874524714828897 0.4129598240872234 0.12547528517110265 0.40837876219707736 0.13688212927756654 0.3923450455815658 0.1414448669201521 0.3488249576251775 0.1467680608365019 0.2972880113610335 0.13079847908745246 0.21826469375601262 0.09429657794676806 0.1839067295799166
5 0.5087452471482891 0.11404553575518803 0.4623574144486692 0.1472582344587475 0.4539923954372624 0.20910256997572035 0.4653992395437262 0.2869806221082047 0.4684410646387833 0.3098859315589354 0.5026615969581749 0.34997022309771403 0.5201520912547528 0.35340601951532363 0.5460076045627377 0.32019332081176416 0.5574144486692014 0.3007238077786431 0.5908745247148288 0.24346053415181637 0.5794676806083651 0.1667277474918686 0.5482889733840305 0.1129002702826515
5 0.7885931558935361 0.2938522149434239 0.714828897338403 0.2961427458884969 0.6828897338403042 0.38547345274634665 0.6669201520912548 0.5251958403958037 0.6684410646387833 0.6328507948142379 0.6638783269961978 0.7027119886389666 0.6897338403041824 0.7473773420678914 0.7224334600760456 0.8183838013651565 0.7718631178707224 0.7702826515186221 0.8768060836501902 0.7324888909249164 0.8912547528517112 0.7084383160016492 0.9307984790874525 0.5114526547253654 0.8927756653992397 0.3877639836914197 0.8418250950570343 0.3041596041962527 0.796958174904943 0.2938522149434239
5 0.9528517110266161 0.12091712859040722 0.8942965779467681 0.14038664162352832 0.8935361216730039 0.19879518072289157 0.876045627376426 0.2572037198222548 0.8798479087452472 0.28239956021805857 0.8714828897338402 0.2961427458884969 0.8714828897338402 0.313321727976545 0.8836501901140684 0.3419533647899583 0.8927756653992397 0.3877639836914197 0.9460076045627377 0.4095240276696139 0.9954372623574145 0.3568418159329333 0.998 0.16675924229236538 0.998 0.13580557973338217 0.9954372623574145 0.12778872142562644 0.9604562737642587 0.12206239406294377
1 0.461596958174905 0.3179027898666911 0.4190114068441065 0.3579870814054698 0.3885931558935361 0.4381556644830272 0.37262357414448666 0.5595538045718998 0.3642585551330798 0.6236886710339457 0.3779467680608365 0.6775161482431629 0.4395437262357414 0.6866782720234551 0.44182509505703427 0.6465939804846764 0.46615969581749045 0.6191076091437996 0.5163498098859316 0.6374318567043841 0.5520912547528517 0.6443034495396033 0.5787072243346009 0.6271244674515553 0.5961977186311788 0.635141325759311 0.6304182509505704 0.6511750423748225 0.6288973384030419 0.669499289935407 0.6577946768060837 0.6729350863530167 0.6631178707224336 0.6614824316276513 0.6418250950570343 0.6053644234733612 0.6403041825095056 0.5606990700444363 0.6608365019011407 0.4919831416922443 0.661596958174905 0.4003619038893215 0.6334600760456274 0.3545512849878602 0.6106463878326998 0.3419533647899583 0.5733840304182508 0.3110311970314719 0.5695817490494296 0.31675752439415455 0.5619771863117872 0.3568418159329333 0.5361216730038022 0.41410508955975994 0.532319391634981 0.4152503550322965 0.5262357414448671 0.4438819918457098 0.5551330798479087 0.551536946264144 0.5482889733840305 0.5813138485500939 0.5171102661596958 0.6099454853635073 0.5041825095057034 0.5778780521324843 0.49201520912547536 0.45189885015346554 0.45855513307984797 0.4003619038893215 0.4517110266159696 0.37402079802098126 0.4600760456273765 0.3511154885702506
1 0.14372623574144483 0.39005451463649277 0.1779467680608365 0.4152503550322965 0.23041825095057034 0.5320674332310229 0.19011406844106465 0.5698611938247286 0.16882129277566538 0.5549727426817537 0.16349809885931557 0.620252874616336 0.14828897338403038 0.6878235374959916 0.11558935361216728 0.6924045993861377 0.08593155893536121 0.7290530945073068 0.06539923954372623 0.7290530945073068 0.05171102661596956 0.6122360163085804 0.0326996197718631 0.5824591140226304 0.002281368821292773 0.5858949104402401 0.0 0.43128407164780797 0.04106463878326994 0.38089239085620047 0.040304182509505695 0.42899354070273493 0.05855513307984791 0.4782399560218059 0.08593155893536121 0.5103073892528288 0.0988593155893536 0.5080168583077557 0.1429657794676806 0.4152503550322965
1 0.8692015209125475 0.7393604837601356 0.7718631178707224 0.7691373860460855 0.7133079847908745 0.8447249072334968 0.6806083650190115 0.9248934903110542 0.6080769673925568 0.9969879518072289 0.998 0.9969879518072289 0.998 0.9523798616519309 0.9627376425855514 0.8676302166842274 0.9057034220532321 0.8138027394750104 0.8798479087452472 0.7393604837601356
1 0.932319391634981 0.48167575243941546 0.9657794676806084 0.45304411562600216 0.998 0.4277267775018075 0.996958174904943 0.9512345961793944 0.9604562737642587 0.8653396857391543 0.9041825095057036 0.8138027394750104 0.8775665399239545 0.7347794218699896 0.8889733840304184 0.7153099088368684 0.8942965779467681 0.7027119886389666 0.9346007604562737 0.5160337166155116
1 0.22889733840304183 0.08312336799670161 0.21673003802281368 0.0029547849191442397 0.042585551330798464 0.0018095194466077053 0.04334600760456271 0.07625177516148242 0.06615969581749047 0.10488341197489576 0.06311787072243345 0.18963305694259927 0.10038022813688212 0.18619726052498967 0.132319391634981 0.22399102111869532 0.1414448669201521 0.2537679234046452 0.17110266159695817 0.24231526867927985 0.19011406844106465 0.25834898529479133 0.18555133079847905 0.13466031426084565 0.18479087452471482 0.07396124421640936
2 0.14220532319391635 0.2537679234046452 0.1741444866920152 0.24231526867927985 0.1817490494296578 0.25491318887718173 0.16501901140684408 0.39463557652663883 0.14220532319391635 0.3889092491639562 0.1490494296577947 0.2927069494708874
2 0.015209125475285162 0.2778184983279124 0.0 0.3110311970314719 0.0 0.41639562050483303 0.037262357414448645 0.37860185991112744 0.0365019011406844 0.347679692152641 0.015209125475285162 0.32248385175683725
6 0.14980988593155894 0.6969856612762839 0.11558935361216728 0.6946951303312108 0.08593155893536121 0.7267625635622337 0.08973384030418251 0.7485226075404279 0.09809885931558936 0.7611205277383298 0.11330798479087452 0.7611205277383298 0.1338403041825095 0.7634110586834029 0.18479087452471482 0.733634156397453 0.26463878326996193 0.6958403958037472 0.27604562737642585 0.6649182280452609 0.26692015209125475 0.6030738925282881 0.23422053231939163 0.534357964176096 0.19315589353612164 0.5767327866599478 0.17262357414448667 0.5572632736268267 0.17870722433460076 0.5847496449677035 0.2076045627376426 0.635141325759311 0.19239543726235742 0.6683540244628705
6 0.0015209125475284964 0.5870401759127766 0.0288973384030418 0.5836043794951671 0.05019011406844106 0.6145265472536534 0.09809885931558936 0.5217600439781942 0.0988593155893536 0.4095240276696139 0.091254752851711 0.39463557652663883 0.11026615969581749 0.42899354070273493 0.14068441064638784 0.40837876219707736 0.14752851711026613 0.4381556644830272 0.1657794676806084 0.4725136286591232 0.15741444866920154 0.5057263273626826 0.13992395437262353 0.5297769022859499 0.12395437262357416 0.5732969902423382 0.08441064638783269 0.7095835814741858 0.05323193916349808 0.7485226075404279 0.03878326996197717 0.6969856612762839 0.0365019011406844 0.6271244674515553 0.013688212927756637 0.6248339365064822 0.01596958174904941 0.7405057492326722 1.7763568394002505e-18 0.7154094971388281
6 0.4623574144486692 0.6248339365064822 0.44182509505703427 0.6591919006825783 0.4433460076045628 0.6866782720234551 0.4730038022813688 0.6866782720234551 0.4836501901140685 0.6591919006825783 0.5262357414448671 0.6912593339136012 0.5589353612167302 0.70156672316643 0.5908745247148288 0.70156672316643 0.6220532319391634 0.6901140684410647 0.6304182509505704 0.6523203078473591 0.5802281368821294 0.6328507948142379 0.5596958174904944 0.6465939804846764
6 0.18479087452471482 0.07739704063401895 0.11254752851711027 0.1129002702826515 0.06920152091254753 0.11404553575518803 0.05399239543726236 0.1266434559530899 0.04866920152091254 0.13695084520591871 0.05551330798479086 0.1506940308763571 0.0600760456273764 0.15756562371157634 0.08136882129277566 0.16214668560172246 0.11406844106463876 0.14611296898621098 0.1779467680608365 0.13809611067845523 0.22129277566539923 0.11748133217279763 0.22585551330798478 0.08884969535938429
6 0.06463878326996197 0.10946447386504189 0.03422053231939162 0.12435292500801684 0.019771863117870707 0.14496770351367447 0.022813688212927757 0.1701635439094782 0.03574144486692015 0.17474460579962434 0.05855513307984791 0.15985615465664937 0.04410646387832699 0.13924137615099177
6 0.4745247148288973 0.3213385862843007 0.461596958174905 0.3213385862843007 0.4577946768060836 0.35340601951532363 0.4547528517110266 0.3751660634935178 0.4600760456273765 0.39578084199917546 0.4958174904942966 0.4599157084612213 0.5064638783269961 0.5824591140226304 0.5155893536121673 0.5996380961106784 0.5429657794676807 0.5881854413853131 0.5558935361216729 0.5549727426817537 0.529277566539924 0.4450272573182463 0.5338403041825095 0.3934903110541023 0.5460076045627377 0.3511154885702506 0.5490494296577947 0.33279124100966606 0.5315589353612168 0.3522607540427871 0.5262357414448671 0.36600393971322553 0.5186311787072243 0.37058500160337166
