5 0.15785676311992103 0.14383059621154864 0.22924736082630823 0.08313291646624983 0.2824105718842561 0.07626148102338583 0.29684058631427057 0.12894248608534326 0.28165109744057115 0.19651160127350603 0.2748158274474064 0.21025447215923407 0.24595579858737757 0.17818777342586867 0.18899521531100483 0.16444490254014066
0 0.15329991645781121 0.13810440000916194 0.18443836864889498 0.03159715064476973 0.23304473304473305 0.007547126594745678 0.2884863674337359 0.04075906456858841 0.311270600744285 0.12779724684486593 0.2922837396521607 0.20910923291875672 0.2884863674337359 0.17933301266634602 0.29684058631427057 0.12894248608534326 0.2839295207716261 0.07626148102338583 0.2262094630515683 0.0854233949472045
0 0.3257006151742994 0.332795070890309 0.33785220627325896 0.26980691266405554 0.36063643958380803 0.2594997594997595 0.39557226399331663 0.25720928101880486 0.42822966507177035 0.3270688746879223 0.41835649730386576 0.3453927025355597 0.4046859573175363 0.315616482283149 0.3332953596111491 0.34081174557365035
0 0.7434115592010329 0.2686616734235782 0.7221462747778536 0.27095215190453287 0.6925267714741399 0.20796399367827942 0.7023999392420445 0.11405437595913791 0.7365762892078681 0.07855195950434049 0.7707526391736917 0.06709956709956713 0.840624287992709 0.1495567924139353 0.8391053391053391 0.18047825190682334 0.8185995291258449 0.15642822785679933 0.7532847269689374 0.14497583545202597 0.7168299536720589 0.16444490254014066 0.7122731070099491 0.2136901898806661
5 0.34468747626642365 0.346537941776037 0.3963317384370016 0.31790696076410363 0.4206349206349207 0.34310222405460505 0.4039264828738513 0.3957832291165625 0.386458570669097 0.4118165784832451
5 0.714551530341004 0.21254495064018875 0.7191083770031138 0.16329966329966333 0.7555631502999923 0.1461210746925033 0.8201184780132148 0.15642822785679933 0.8307511202248045 0.1701710987425273 0.7935368724842409 0.182768730387778 0.7487278803068276 0.2652259557021462 0.7175894281157439 0.2239973430449621
1 0.24823422191843247 0.1816234911473007 0.1882357408673198 0.16788062026157266 0.15861623756360602 0.1426853569710713 0.10545302650565812 0.1850592088687327 0.059125085440874935 0.17704253418539134 0.03558137768664087 0.17933301266634602 0.016594516594516617 0.2033830367163701 0.0 0.2065109713919238 0.0 0.3075998075998076 0.05001139211665529 0.2583545202592822 0.15557833978886612 0.3030188506378983 0.13583200425305691 0.4576261481023386 0.1305156831472621 0.5103071531642961 0.22317156527682844 0.5687143544286402 0.2573479152426521 0.5240500240500241 0.30519480519480524 0.3648617696236744 0.2778537252221463 0.21598066836162078
1 0.7851826536037062 0.1850592088687327 0.8261942735626945 0.16902585950205 0.8482190324295587 0.19307588355207406 0.864927470190628 0.162154424059186 0.94011544011544 0.16673538102109534 0.9974861395914029 0.2802113367976079 0.9982456140350877 0.44617375569756523 0.9165717323612059 0.28927597975217023 0.8634085213032581 0.2881307405116929 0.815561631351105 0.34081174557365035 0.8208779524568998 0.5080166746833413 0.7054378370167843 0.6156691632882109 0.6856915014809751 0.6133786848072562 0.6963241436925647 0.5217595455690693 0.7487278803068276 0.4278499278499278 0.7616389458494721 0.336230788611741 0.737335763651553 0.329359353168877 0.7251841725525935 0.3110355253212396
2 0.4768360294676084 0.632847751895371 0.47531708058023847 0.7038525848049659 0.42822966507177035 0.8011979202455394 0.3819017240069872 0.7702764607526513 0.32721956406166935 0.7897455278407661 0.36823118402065774 0.6866739961978058 0.4024075339864814 0.7553883506264459 0.4259512417407154 0.7233216518930805 0.45936811726285404 0.6775120822739872 0.44265967950178475 0.6488811012620537 0.4532923217133743 0.6213953594905977
3 0.07127667653983445 0.6924001924001925 0.0036834510518721237 0.7267573696145125 0.0014214936373273574 0.9973544973544973 0.06671982987772464 0.9958885911266865 0.09785828206880841 0.9019789734075448 0.10545302650565812 0.7737121784740834 0.09709880762512343 0.7107240202478298
3 0.25127211969317237 0.7439359582216726 0.22393103972051345 0.74508119746215 0.14494569757727654 0.9111408873313636 0.14418622313359158 0.9489337822671158 0.20114680640996432 0.960386174671889 0.33025746183640925 0.9684028493552305 0.337092731829574 0.919157562014705 0.284688995215311 0.8973980164456355 0.25506949191159717 0.8527336860670195 0.2778537252221463 0.79661696328363 0.2778537252221463 0.7679859822716966
3 0.3294979873927243 0.7920360063217207 0.3788638262322473 0.772566939233606 0.39557226399331663 0.7817288531574247 0.38038277511961727 0.8309741404979502 0.3689906584643427 0.8458622506241554 0.3743069795701375 0.8779289493575209 0.40620490620490624 0.9031242126480222 0.4160780739728108 0.919157562014705 0.411521227310701 0.9477885430266383 0.40620490620490624 0.9512242607480703 0.337092731829574 0.9454980645456837 0.33253588516746413 0.9099956480908863 0.311270600744285 0.9099956480908863 0.3074732285258601 0.8836551455599075 0.3219032429558746 0.8389908151812914
3 0.8330295435558593 0.9088504088504089 0.8277132224500645 0.9489337822671158 0.8261942735626946 0.9706933278361851 0.8064479380268853 0.9973544973544973 0.7221462747778536 0.9970338303671639 0.6978430925799347 0.9924528734052545 0.7054378370167843 0.9615314139123664 0.7555631502999923 0.9626766531528437 0.7472089314194577 0.8286836620169954 0.8018910913647755 0.7977622025241073 0.8360674413305992 0.8492979683455875 0.8353079668869142 0.888236102521817
3 0.3970912128806866 0.7817288531574247 0.4229133439659756 0.7943264848026753 0.39177489177489183 0.8504432075860648 0.412280701754386 0.891671820243249 0.44114073061441483 0.9054146911289769 0.4487354750512645 0.9306099544194782 0.412280701754386 0.9443528253052064 0.41531859952912586 0.9225932797361369 0.4024075339864814 0.8985432556861128 0.3750664540138225 0.8756384708765662 0.3705096073517126 0.8424265329027234 0.38266119845067215 0.8275384227765181
3 0.8467000835421887 0.776002656955038 0.839864813549024 0.8504432075860648 0.8277132224500645 0.9741290455576171 0.8079104688127245 0.9973544973544973 0.9408749145591251 0.9973544973544973 0.9370775423407002 0.9729838063171397 0.9446722867775498 0.8080693556884034 0.9135338345864661 0.7863098101193341 0.8922685501632869 0.7897455278407661 0.8732816890711627 0.776002656955038
2 0.1540593909014962 0.29958313291646627 0.05153034100402523 0.25720928101880486 0.0 0.3042409414589866 0.0006455532771322437 0.7198859341716486 0.06671982987772464 0.6969811493621019 0.10013670539986333 0.7141597379692618 0.20342522974101923 0.7588240683478779 0.23912052859421282 0.7462264367026272 0.2922837396521607 0.79661696328363 0.3249411407306144 0.7840193316383792 0.36823118402065774 0.6878192354382832 0.3279790385053543 0.6282667949334616 0.337092731829574 0.653462058223963 0.3059542796384902 0.6351382303763256 0.2778537252221463 0.5755857898715042 0.2573479152426521 0.5286309810119334 0.22089314194577356 0.5710048329095948 0.13431305536568697 0.5148881101262054 0.13279410647831702 0.4553356696213839
2 0.7053239158502317 0.6168144025286882 0.6863370547581075 0.6488811012620536 0.6582365003417636 0.6694954075906456 0.6483633325738589 0.7256121303740352 0.74785448469659 0.8344098582193819 0.8025366446419079 0.8023431594860164 0.7843092579934686 0.7576788291074005 0.8617756512493355 0.773712178474083 0.9437988911673124 0.8080693556884032 0.9977215766689451 0.4644975835452026 0.949874686716792 0.3339403101307863 0.9141793878635984 0.2915664582331249 0.8534214323688009 0.2995831329164662 0.8154477101845523 0.346537941776037 0.8253208779524569 0.5080166746833413
3 0.6416419837472469 0.8504432075860648 0.6196172248803827 0.8744932316360888 0.5489861016176806 0.8802194278384755 0.536834510518721 0.9065599303694543 0.5748082327029695 0.9546599784695023 0.6082251082251082 0.9512242607480703 0.6226551226551226 0.9237385189766144 0.6553125237335764 0.9065599303694543 0.6545530492898913 0.8676217961932248
3 0.6089845826687932 0.9580956961909344 0.7046783625730993 0.9672576101147531 0.7282220703273334 0.9523694999885477 0.7251841725525936 0.8813646670789529 0.6765778081567555 0.8962527772051582 0.6553125237335764 0.9122861265718409 0.6234145970988076 0.9283194759385236
2 0.6727804359383306 0.7542431113859687 0.6446798815219867 0.8504432075860648 0.6697425381635908 0.8160860303717447 0.6796157059314953 0.841281293662246 0.7198678514467988 0.8332646189789048 0.7396141869826081 0.841281293662246 0.7449305080884028 0.8332646189789048
0 0.7069567859041542 0.37058796582606107 0.6826536037062353 0.3797498797498798 0.6674641148325359 0.4381570810142239 0.6667046403888508 0.44960947341899726 0.68796992481203 0.4232689708880185 0.6963241436925647 0.4221237316475412
5 0.6705020126072757 0.44731899493804256 0.6826536037062353 0.46564282278568 0.6940457203615098 0.4667880620261573 0.7046783625730993 0.4232689708880185 0.69100782258677 0.4255594493689732 0.6811346548188653 0.4427380379761332
