5 0.2669527896995708 0.4107296137339056 0.24206008583690988 0.3454935622317597 0.1982832618025751 0.3454935622317597 0.1836909871244635 0.3729613733905579 0.16909871244635194 0.409585121602289 0.17253218884120172 0.4427753934191702 0.18712446351931328 0.4759656652360515 0.23605150214592277 0.5183118741058654 0.24892703862660942 0.4988555078683834 0.2686695278969957 0.4496423462088698
5 0.5210300429184549 0.40271816881258937 0.48669527896995707 0.4530758226037196 0.49356223175965663 0.542346208869814 0.5210300429184549 0.5972818311874105 0.5519313304721029 0.6110157367668096 0.6266094420600857 0.5915593705293276 0.6489270386266094 0.5618025751072961 0.6463519313304721 0.48054363376251785 0.6351931330472103 0.43819742489270386 0.6025751072961373 0.4084406294706724 0.5630901287553647 0.40042918454935617
5 0.998 0.3718168812589413 0.993991416309013 0.3786838340486409 0.9708154506437768 0.41416309012875535 0.9545064377682404 0.4530758226037196 0.9553648068669529 0.4931330472103004 0.9682403433476395 0.5400572246065808 0.9665236051502147 0.5618025751072961 0.9768240343347641 0.5721030042918455 0.993991416309013 0.5938483547925608 0.998 0.5938483547925608
1 0.17339055793991417 0.4725321888412017 0.18712446351931328 0.5148783977110157 0.1759656652360515 0.5469241773962804 0.20686695278969955 0.5515021459227467 0.23519313304721026 0.5297567954220315 0.26609442060085836 0.542346208869814 0.28583690987124466 0.5801144492131616 0.30386266094420605 0.5869814020028612 0.296137339055794 0.47138769670958514 0.2763948497854077 0.45879828326180255 0.2583690987124464 0.5125894134477825 0.24120171673819743 0.5217453505007152 0.21888412017167383 0.5148783977110157 0.192274678111588 0.4771101573676681
1 0.47553648068669524 0.6545064377682404 0.5141630901287554 0.6545064377682404 0.5776824034334763 0.6590844062947067 0.5699570815450643 0.7094420600858369 0.5931330472103005 0.7620886981402003 0.6042918454935623 0.8216022889842632 0.6549356223175966 0.7529327610872676 0.669527896995708 0.7563662374821174 0.6686695278969957 0.8238912732474964 0.6592274678111587 0.878826895565093 0.6515021459227469 0.9062947067238913 0.6557168971546653 0.9973333333333333 0.4549356223175966 0.9967095851216023 0.4540772532188841 0.8891273247496424 0.4703862660944206 0.7826895565092991 0.44291845493562226 0.7071530758226037 0.471244635193133 0.669384835479256
1 0.7107296137339055 0.5869814020028612 0.769098712446352 0.5755364806866953 0.7665236051502146 0.6007153075822603 0.7356223175965665 0.6087267525035764 0.7304721030042918 0.6510729613733905 0.694420600858369 0.6579399141630901 0.6909871244635192 0.6407725321888411
1 0.993991416309013 0.692274678111588 0.9699570815450645 0.7060085836909872 0.967381974248927 0.8341917024320459 0.9793991416309014 0.901716738197425 0.998 0.9039713876967097
1 0.0017167381974248883 0.6487839771101573 0.10300429184549355 0.6384835479256079 0.15278969957081545 0.6236051502145923 0.1982832618025751 0.6625178826895565 0.19656652360515023 0.692274678111588 0.14592274678111591 0.732331902718169 0.09442060085836909 0.7975679542203147 0.11244635193133047 0.9932761087267525 0.0 0.9954179440016351 0.0 0.6545064377682404
6 0.1699570815450644 0.4668097281831188 0.1390557939914163 0.4919885550786838 0.12017167381974249 0.5618025751072961 0.11330472103004291 0.5972818311874105 0.1296137339055794 0.578969957081545 0.2 0.5732474964234621 0.21545064377682405 0.578969957081545 0.2729613733905579 0.565236051502146 0.2626609442060086 0.536623748211731 0.24120171673819743 0.525178826895565 0.21287553648068672 0.5526466380543633 0.1699570815450644 0.5526466380543633 0.18626609442060083 0.5240343347639486
6 0.29957081545064373 0.4736766809728183 0.30128755364806864 0.5824034334763948 0.32618025751072965 0.5858369098712446 0.3278969957081545 0.5091559370529327 0.3090128755364807 0.4759656652360515
6 0.4369098712446352 0.7105865522174536 0.4283261802575108 0.6796852646638054 0.41545064377682406 0.6773962804005722 0.4085836909871245 0.6876967095851215 0.41373390557939915 0.7220314735336195 0.39742489270386266 0.6854077253218884 0.3896995708154506 0.6991416309012877 0.41545064377682406 0.7723891273247497 0.4180257510729613 0.7929899856938484 0.37939914163090127 0.9005722460658083 0.3854077253218884 0.9635193133047212 0.40600858369098713 0.992131616595136 0.4351931330472103 0.9589413447782548 0.4532188841201717 0.9120171673819742 0.4540772532188841 0.8971387696709585 0.46866952789699573 0.7746781115879829
6 0.6729613733905578 0.7586552217453506 0.6763948497854078 0.7472103004291846 0.6789699570815451 0.8170243204577968 0.6729613733905578 0.8776824034334765 0.6583690987124464 0.9165951359084407 0.6463519313304721 0.9085836909871245 0.6592274678111587 0.8811158798283262 0.6678111587982832 0.8261802575107297
6 0.6935622317596567 0.5309012875536481 0.7064377682403433 0.5801144492131616 0.6866952789699572 0.60758226037196 0.7133047210300428 0.6110157367668096 0.7253218884120172 0.6247496423462089 0.7261802575107297 0.644206008583691 0.711587982832618 0.6430615164520743 0.694420600858369 0.6350500715307582 0.6798283261802576 0.6682403433476395 0.6532188841201717 0.6281831187410586 0.6497854077253219 0.6041487839771101 0.6832618025751074 0.5297567954220315
6 0.9278969957081544 0.8147353361945637 0.9433476394849786 0.8376251788268956 0.9579399141630902 0.901716738197425 0.9579399141630902 0.9188841201716738 0.9793991416309014 0.9497854077253218 0.9742489270386265 0.909728183118741 0.9974248927038627 0.9108726752503578 0.998 0.9302985216976617 0.998 0.9898426323319028 0.998 0.9973333333333333 0.9424892703862661 0.9955650929899857 0.9064377682403433 0.9154506437768241 0.9081545064377683 0.8559370529327611 0.9150214592274678 0.8433476394849786 0.9253218884120172 0.853648068669528 0.9261802575107297 0.8456366237482118
8 0.7047210300429185 0.542346208869814 0.7261802575107297 0.55379113018598 0.7630901287553647 0.5480686695278969 0.769098712446352 0.5698140200286123 0.7158798283261801 0.5743919885550787
