5 0.6847565157750343 0.4702789208962048 0.7070473251028806 0.5160036579789666 0.6959019204389575 0.553726566072245 0.6676097393689986 0.5994513031550068 0.6607510288065844 0.6120256058527663 0.650462962962963 0.5720164609053497 0.6358882030178327 0.5422953818015546 0.6564643347050755 0.5057155921353451 0.67789780521262 0.47828074988568814
0 0.5904492455418382 0.3891175125743027 0.6264574759945131 0.3605395518975766 0.6624657064471879 0.40626428898033834 0.6959019204389575 0.42912665752171925 0.6984739368998628 0.4588477366255144 0.6693244170096021 0.4885688157293095 0.630744170096022 0.5571559213534522 0.6170267489711934 0.5708733424782808 0.5655864197530864 0.525148605395519 0.555298353909465 0.47142203932327387 0.5724451303155007 0.41769547325102874
0 0.47556584362139914 0.5377229080932784 0.49185528120713307 0.6131687242798354 0.4669924554183813 0.6680384087791496 0.3606824417009602 0.706904435299497 0.31781550068587106 0.6954732510288065 0.3109567901234568 0.6223136716963877 0.3058127572016461 0.5663008687700045 0.3255315500685871 0.5457247370827617 0.3864026063100137 0.47828074988568814 0.4301268861454047 0.47828074988568814
1 0.5587277091906722 0.5217192501143118 0.6153120713305898 0.577732053040695 0.6333161865569272 0.5594421582075902 0.6470336076817558 0.6165980795610425 0.6641803840877915 0.6165980795610425 0.6838991769547325 0.5685871056241426 0.6916152263374485 0.6268861454046639 0.6616083676268861 0.7217649748513946 0.6041666666666666 0.7251943301326018 0.5492969821673525 0.7034750800182898 0.5364368998628258 0.6703246456332875 0.5261488340192044 0.6451760402377686 0.5064300411522634 0.6200274348422496 0.5252914951989026 0.5743026977594878
1 0.3006687242798354 0.577732053040695 0.258659122085048 0.630315500685871 0.2432270233196159 0.6611796982167353 0.24236968449931412 0.7880658436213992 0.2732338820301783 0.8269318701417467 0.2860939643347051 0.8235025148605396 0.2860939643347051 0.7686328303612255 0.3358196159122085 0.7686328303612255 0.3469650205761317 0.7709190672153636 0.3503943758573388 0.7926383173296755 0.361539780521262 0.8029263831732968 0.39326131687242794 0.7926383173296755 0.47385116598079563 0.7709190672153636 0.4575617283950617 0.7343392775491542 0.46356310013717417 0.6886145404663923 0.4935699588477366 0.7034750800182898 0.4995713305898491 0.7126200274348423 0.5287208504801097 0.6863283036122542 0.5381515775034293 0.6794695930498399 0.5252914951989026 0.6406035665294924 0.4969993141289437 0.6063100137174211 0.48499657064471874 0.5811614083219021 0.4935699588477366 0.6223136716963877 0.4678497942386831 0.6680384087791496 0.35725308641975306 0.708047553726566 0.3143861454046639 0.6943301326017375
1 0.9908264746227708 0.001600365797896701 0.8965192043895748 0.049611339734796554 0.7662037037037037 0.45198902606310015 0.8056412894375857 0.4771376314586191 0.8425068587105624 0.3902606310013717 0.8485082304526749 0.3891175125743027 0.8193587105624142 0.5022862368541381 0.8236454046639231 0.526291723822588 0.8948045267489712 0.552583447645176 0.9891117969821673 0.5697302240512117 0.9979166666666667 0.5679240969364425 0.9979166666666667 0.0027434842249657453
1 0.17035322359396432 0.0038866026520347893 0.1626371742112483 0.13991769547325106 0.06832990397805214 0.11934156378600827 0.03232167352537725 0.09762231367169642 0.052897805212620046 0.0004572473708276567
1 0.21922153635116595 0.0038866026520347893 0.2140775034293553 0.07704618198445362 0.1814986282578875 0.19935985368084136 0.16863854595336078 0.3925468678555098 0.18321330589849108 0.4302697759487883 0.18835733882030178 0.4302697759487883 0.20807613168724284 0.29423868312757206 0.1935013717421125 0.24279835390946505 0.20121742112482852 0.17764060356652955 0.23036694101508914 0.1513488797439415 0.2672325102880658 0.15020576131687247 0.3761145404663923 0.1536351165980796 0.3855452674897119 0.15592135345221766 0.3864026063100137 0.11019661636945592 0.40697873799725653 0.1227709190672154 0.4309842249657064 0.11362597165066304 0.4472736625514403 0.138774577046182 0.45327503429355276 0.1250571559213535 0.4241255144032922 0.046181984453589425 0.4189814814814815 0.0004572473708276567
1 0.7944958847736625 0.006172839506172878 0.7790637860082303 0.03017832647462281 0.7696330589849107 0.061042524005487 0.7773491083676268 0.08504801097393694 0.7619170096021948 0.14563328760859628 0.7713477366255144 0.15935070873342483 0.8339334705075445 0.16735253772290812 0.8416495198902606 0.12048468221307732 0.8450788751714676 0.08047553726566076 0.8605109739368999 0.07933241883859171 0.8665123456790124 0.07475994513031553 0.8630829903978051 0.02903520804755377 0.8493655692729766 0.007315957933241922 0.839934842249657 0.03017832647462281 0.8193587105624142 0.022176497485139498 0.8160322359396432 0.0 0.8030692729766803 0.0
1 0.7276234567901234 0.005029721079103834 0.7087620027434842 0.07818930041152267 0.6796124828532235 0.07247370827617744 0.6624657064471879 0.05189757658893465 0.630744170096022 0.010745313214449055 0.6478909465020576 0.0004572473708276567 0.670181755829904 0.02789208962048472 0.6753257887517147 0.001600365797896701
1 0.721622085048011 0.046181984453589425 0.7576303155006858 0.06447187928669414 0.7867798353909465 0.015317786922725231 0.7824931412894376 0.0027434842249657453 0.7310528120713305 0.0004572473708276567
2 0.5107167352537724 0.02674897119341568 0.5407235939643348 0.034750800182898986 0.5587277091906722 0.05075445816186561 0.5304355281207134 0.18564243255601284 0.515860768175583 0.18335619570187475 0.5312928669410151 0.07475994513031553 0.4935699588477366 0.16049382716049387 0.476423182441701 0.15592135345221766 0.47556584362139914 0.13763145861911297 0.48585390946502055 0.11476909007773209 0.5055727023319616 0.061042524005487
2 0.6015946502057613 0.03589391860996803 0.594735939643347 0.0919067215363512 0.5827331961591221 0.1662094192958391 0.5707304526748972 0.15935070873342483 0.5827331961591221 0.09076360310928216 0.5784465020576132 0.06675811614083223 0.5681584362139918 0.12962962962962965 0.5595850480109739 0.15935070873342483 0.5492969821673525 0.14791952446273438 0.5570130315500685 0.11591220850480113 0.5647290809327846 0.05532693187014178 0.5690157750342935 0.018747142203932365 0.5844478737997256 0.025605852766346634
2 0.670181755829904 0.05989940557841796 0.6513203017832647 0.11934156378600827 0.6487482853223594 0.17878372199359857 0.6607510288065844 0.18564243255601284 0.6693244170096021 0.12962962962962965 0.6650377229080932 0.18564243255601284 0.6710390946502057 0.1970736168267033 0.6838991769547325 0.15706447187928674 0.7036179698216735 0.08504801097393694 0.7061899862825789 0.07933241883859171 0.682184499314129 0.07590306355738458
2 0.7670610425240054 0.1616369455875629 0.7447702331961591 0.26909007773205307 0.7670610425240054 0.28166438042981257 0.7824931412894376 0.20964791952446277 0.78849451303155 0.21307727480566993 0.7739197530864197 0.25880201188843166 0.7730624142661179 0.27366255144032925 0.78849451303155 0.26337448559670784 0.7996399176954732 0.24508459076360317 0.8202160493827161 0.20964791952446277 0.8305041152263375 0.1696387745770462
2 0.14720507544581624 0.14791952446273438 0.13948902606310015 0.1879286694101509 0.17463991769547327 0.26108824874256975 0.16692386831275724 0.30795610425240055 0.14206104252400553 0.293095564700503 0.12834362139917696 0.2439414723365341 0.10090877914951991 0.20164609053497948 0.09576474622770922 0.17535436671239144 0.09490740740740743 0.23593964334705078 0.09576474622770922 0.3365340649291267 0.058899176954732534 0.32281664380429814 0.05718449931412898 0.31024234110653864 0.05975651577503434 0.2702331961591221 0.0511831275720165 0.1970736168267033 0.052040466392318276 0.13420210333790586 0.050325788751714694 0.11819844535893924 0.06832990397805214 0.11934156378600827
2 0.19007201646090538 0.4474165523548239 0.17549725651577502 0.5102880658436214 0.16435185185185183 0.7000457247370827 0.17806927297668043 0.7251943301326018 0.2295096021947874 0.7251943301326018 0.2295096021947874 0.654320987654321 0.22608024691358028 0.6097393689986282 0.18921467764060354 0.5903063557384545 0.1840706447187929 0.5594421582075902 0.19435871056241424 0.5171467764060357 0.19521604938271603 0.48056698673982623
2 0.7602023319615913 0.0713305898491084 0.7387688614540466 0.15706447187928674 0.725051440329218 0.1433470507544582 0.7310528120713305 0.09990855052583451 0.7379115226337448 0.05989940557841796
2 0.7104766803840878 0.08962048468221312 0.7027606310013718 0.13534522176497488 0.6924725651577504 0.13077274805669872 0.7044753086419753 0.07818930041152267 0.7190500685871055 0.04846822130772751 0.7336248285322359 0.05304069501600369 0.7241941015089163 0.13534522176497488 0.7156207133058985 0.13420210333790586
2 0.8570816186556927 0.08847736625514407 0.8459362139917695 0.13763145861911297 0.8545096021947873 0.13991769547325106 0.8622256515775034 0.13191586648376774 0.8742283950617283 0.08733424782807502 0.8690843621399176 0.07475994513031553
2 0.816786694101509 0.5114311842706905 0.8253600823045267 0.5228623685413809 0.8973765432098765 0.553726566072245 0.9968278463648834 0.5743026977594878 0.9968278463648834 0.6474622770919066 0.8819444444444444 0.962962962962963 0.8699417009602194 0.9881115683584819 0.839934842249657 0.962962962962963 0.8202160493827161 0.9240969364426154 0.8279320987654321 0.8783721993598538 0.8845164609053497 0.7389117512574304 0.8948045267489712 0.654320987654321 0.8699417009602194 0.6851851851851851 0.8510802469135802 0.7503429355281208 0.8150720164609052 0.8737997256515775 0.8004972565157751 0.9206675811614085 0.7833504801097393 0.9732510288065844 0.7327674897119342 0.937814357567444 0.7284807956104252 0.8978052126200274 0.7456275720164609 0.8657978966620942 0.7516289437585734 0.7949245541838135 0.7567729766803841 0.7400548696844993 0.7704903978052127 0.7034750800182898 0.7816358024691358 0.7000457247370827 0.7953532235939643 0.6120256058527663 0.8073559670781892 0.5502972107910379
2 0.29809670781893005 0.8555098308184728 0.3092421124828532 0.9023776863283037 0.343523270034872 0.9972222222222222 0.44298696844993135 0.9949702789208963 0.4258401920438957 0.9389574759945131 0.42241083676268865 0.8760859625057156 0.42926954732510286 0.8760859625057156 0.4352709190672153 0.9298125285779607 0.46270576131687247 0.9881115683584819 0.49442729766803845 0.9698216735253772 0.5252914951989026 0.9503886602652035 0.515860768175583 0.8772290809327846 0.48842592592592593 0.8189300411522634 0.4249828532235939 0.8395061728395062 0.38468792866941015 0.8429355281207134 0.3392489711934156 0.8475080018289896 0.3195301783264746 0.8543667123914038
2 0.5167181069958848 0.8097850937357111 0.5690157750342935 0.7800640146319159 0.6247427983539094 0.7674897119341564 0.6718964334705075 0.7674897119341564 0.6881858710562414 0.8246456332876086 0.6993312757201645 0.9252400548696845 0.6787551440329218 0.9355281207133059 0.634173525377229 0.9435299497027893 0.6101680384087792 0.8543667123914038 0.6007373113854596 0.8612254229538181 0.5647290809327846 0.9903978052126201 0.5244341563786008 0.9801097393689986 0.5218621399176955 0.9515317786922726 0.5167181069958848 0.8715134887974394 0.5072873799725651 0.8497942386831275
6 0.3889746227709191 0.11591220850480113 0.4078360768175583 0.12848651120256063 0.4275548696844993 0.1410608139003201 0.44298696844993135 0.18564243255601284 0.4412722908093278 0.19593049839963422 0.4344135802469136 0.19021490626428902 0.4301268861454047 0.19821673525377234 0.4181241426611797 0.2005029721079104 0.4181241426611797 0.21422039323273895 0.41126543209876537 0.20850480109739372 0.40354938271604934 0.18106995884773663 0.3838305898491084 0.15592135345221766
6 0.40955075445816186 0.12048468221307732 0.43184156378600824 0.11934156378600827 0.44470164609053503 0.14220393232738918 0.47385116598079563 0.16049382716049387 0.46270576131687247 0.16278006401463196 0.46442043895747603 0.1742112482853224 0.44898834019204387 0.1616369455875629 0.4541323731138546 0.17992684042066762 0.4472736625514403 0.17992684042066762 0.4438443072702332 0.16392318244170098 0.43955761316872427 0.1684956561499772 0.4284122085048011 0.13991769547325106
3 0.05718449931412898 0.3319615912208505 0.04861111111111115 0.36739826245999085 0.06232853223593966 0.3742569730224051 0.08204732510288068 0.36854138088705984 0.08547668038408782 0.34567901234567905 0.08547668038408782 0.3399634202103338
3 0.14206104252400553 0.2965249199817101 0.167781207133059 0.3113854595336077 0.15320644718792872 0.3342478280749886 0.13863168724279837 0.33539094650205764 0.1326303155006859 0.32510288065843623
3 0.5424382716049383 0.14791952446273438 0.5535836762688614 0.15249199817101056 0.5578703703703703 0.16049382716049387 0.5510116598079561 0.16392318244170098 0.5372942386831275 0.16049382716049387
3 0.5698731138545953 0.1616369455875629 0.5818758573388203 0.1684956561499772 0.5715877914951989 0.17764060356652955 0.5595850480109739 0.1684956561499772
3 0.6324588477366255 0.18564243255601284 0.6444615912208504 0.17764060356652955 0.65389231824417 0.1822130772748057 0.65389231824417 0.19021490626428902 0.6444615912208504 0.19021490626428902
3 0.6530349794238682 0.20164609053497948 0.6598936899862825 0.1879286694101509 0.6658950617283951 0.19135802469135804 0.6710390946502057 0.20164609053497948 0.6590363511659807 0.2107910379515318
3 0.7516289437585734 0.2770919067215364 0.7464849108367627 0.2976680384087792 0.7584876543209876 0.29995427526291724 0.7627743484224966 0.2828074988568816
3 0.7782064471879286 0.27137631458619116 0.78849451303155 0.26566072245084593 0.7867798353909465 0.27823502514860543 0.7773491083676268 0.28623685413808875 0.7747770919067215 0.2850937357110197
3 0.4592764060356653 0.9903978052126201 0.4969993141289437 0.9663923182441702 0.5184327846364883 0.9606767261088249 0.54329561042524 0.9949702789208963 0.5134573616826714 0.9972222222222222 0.46442043895747603 0.9972222222222222
3 0.6367455418381345 0.9458161865569272 0.6787551440329218 0.9766803840877916 0.70190329218107 0.9938271604938271 0.721622085048011 0.9881115683584819 0.70190329218107 0.9503886602652035 0.6916152263374485 0.937814357567444 0.673611111111111 0.940100594421582
3 0.7404835390946503 0.8703703703703705 0.7259087791495199 0.8600823045267489 0.7096193415637859 0.8760859625057156 0.7070473251028806 0.9126657521719251 0.7233367626886145 0.9526748971193416 0.7492298954046639 0.9972222222222222 0.7807784636488341 0.9961133973479652 0.7816358024691358 0.9698216735253772 0.737054183813443 0.9423868312757203 0.7241941015089163 0.9080932784636488
3 0.8064986282578875 0.9012345679012346 0.8185013717421125 0.9503886602652035 0.8313614540466392 0.9926840420667582 0.8449759945130313 0.9972222222222222 0.8673696844993141 0.9903978052126201 0.8416495198902606 0.9652491998171011 0.8219307270233196 0.9206675811614085 0.8227880658436214 0.8737997256515775 0.8142146776406035 0.8726566072245086
