5 0.20721879286694106 0.4108367626886146 0.16092249657064475 0.41655235482395975 0.12577160493827164 0.4885688157293095 0.12148491083676276 0.5560128029263832 0.14720507544581624 0.6051668952903521 0.19950274348422503 0.6360310928212163 0.24322702331961596 0.604023776863283 0.25180041152263377 0.5320073159579333 0.2415123456790124 0.4565614997713763 0.21664951989026063 0.4108367626886146
5 0.6710390946502057 0.266803840877915 0.7053326474622772 0.2553726566072245 0.753343621399177 0.2770919067215364 0.7696330589849109 0.32853223593964337 0.7576303155006859 0.41197988111568357 0.7439128943758573 0.46570644718792864 0.7241941015089163 0.49085505258344764 0.6856138545953362 0.4828532235939643 0.6624657064471878 0.44398719707361683 0.6444615912208504 0.4074074074074074 0.6316015089163237 0.36739826245999085 0.6410322359396434 0.33310470964791955 0.6504629629629629 0.27137631458619116
5 0.40697873799725653 0.20164609053497948 0.3906893004115226 0.2256515775034294 0.39497599451303156 0.2576588934613626 0.40526406035665297 0.2965249199817101 0.42841220850480105 0.29995427526291724 0.440414951989026 0.2793781435756745 0.4438443072702333 0.23822588020118887 0.42669753086419754 0.20621856424325563 0.4155521262002744 0.2005029721079104
5 0.2886659807956104 0.17992684042066762 0.30838477366255146 0.16735253772290812 0.32553155006858714 0.1822130772748057 0.32553155006858714 0.2256515775034294 0.31267146776406035 0.24508459076360317 0.2955246913580247 0.23479652491998174
5 0.09319272976680389 0.13534522176497488 0.11033950617283957 0.15020576131687247 0.1069101508916324 0.1719250114311843 0.08547668038408786 0.1925011431184271 0.07004458161865573 0.1822130772748057 0.07690329218106999 0.14791952446273438
5 0.35296639231824417 0.005029721079103834 0.35468106995884774 0.05875628715134892 0.3709705075445816 0.07361682670324649 0.38383058984910845 0.054183813443072736 0.3804012345679012 0.011888431641518099 0.3683984910836762 0.001600365797896701 0.36153978052126207 0.001600365797896701
5 0.39840534979423864 0.10791037951531782 0.41469478737997256 0.13305898491083681 0.39411865569272986 0.14449016918152724 0.38554526748971196 0.1410608139003201
5 0.7962105624142661 0.049611339734796554 0.8227880658436213 0.06332876085962509 0.8253600823045268 0.09990855052583451 0.8030692729766803 0.10333790580704165 0.7919238683127572 0.09876543209876548 0.78849451303155 0.06332876085962509
5 0.038323045267489746 0.2805212620027435 0.060613854595336095 0.2439414723365341 0.08976337448559674 0.241655235482396 0.11119684499314134 0.27137631458619116 0.10519547325102886 0.3216735253772291 0.06404320987654326 0.32853223593964337 0.04003772290809333 0.29423868312757206
1 0.1120541838134431 0.5834476451760402 0.04346707818930045 0.6600365797896662 0.035751028806584394 0.7103337905807041 0.09147805212620035 0.754915409236397 0.0983367626886146 0.8920896204846822 0.16692386831275724 0.8920896204846822 0.16692386831275724 0.8452217649748515 0.3075274348422497 0.806355738454504 0.29638203017832654 0.7194787379972566 0.33324759945130317 0.6771833561957018 0.2920953360768176 0.6108824874256973 0.24751371742112488 0.5925925925925926 0.20807613168724284 0.6314586191129401 0.19435871056241433 0.7251943301326018 0.19607338820301787 0.7377686328303612 0.17378257887517148 0.7217649748513946 0.15835048010973943 0.6188843164151806 0.12062757201646092 0.5857338820301783
8 0.16692386831275724 0.656607224508459 0.2029320987654321 0.6668952903520805 0.19350137174211254 0.732053040695016 0.17635459533607686 0.7263374485596708
1 0.6324588477366255 0.43712848651120256 0.5844478737997256 0.47599451303155005 0.5227194787379973 0.5857338820301783 0.4875685871056242 0.7354823959762231 0.5141460905349795 0.7469135802469137 0.5801611796982168 0.7137631458619113 0.6950445816186556 0.7663465935070874 0.7824931412894375 0.754915409236397 0.8013545953360769 0.7057613168724279 0.8313614540466392 0.6691815272062185 0.8493655692729767 0.6508916323731139 0.8673696844993141 0.6474622770919066 0.8202160493827161 0.48056698673982623 0.7610596707818931 0.4382716049382716 0.7379115226337449 0.49085505258344764 0.7019032921810701 0.5068587105624143 0.6650377229080934 0.4828532235939643 0.6538923182441702 0.423411065386374
1 0.393261316872428 0.3216735253772291 0.43784293552812076 0.31252857796067673 0.47985253772290815 0.3399634202103338 0.4858539094650206 0.4074074074074074 0.42841220850480105 0.4005486968449931 0.3726851851851852 0.4394147233653406 0.36496913580246915 0.42569730224051205 0.35553840877914955 0.4817101051668952 0.3238168724279836 0.49314128943758573 0.33153292181069965 0.4039780521262003 0.35382373113854604 0.34567901234567905
1 0.07947530864197537 0.3262459990855053 0.03746570644718797 0.3559670781893004 0.01517489711934162 0.3788294467306813 0.0014574759945130762 0.40626428898033834 0.0014574759945130762 0.5 0.03317901234567907 0.4771376314586191 0.13520233196159126 0.45198902606310015 0.16349451303155013 0.424554183813443 0.2037894375857339 0.40626428898033834 0.16435185185185192 0.3422496570644719 0.11462620027434843 0.3296753543667124
1 0.35382373113854604 0.062185642432556046 0.3195301783264747 0.07818930041152267 0.31267146776406035 0.12391403749428444 0.33324759945130317 0.12962962962962965 0.3375342935528121 0.14906264288980342 0.3392489711934157 0.1662094192958391 0.373542524005487 0.1719250114311843 0.3829732510288066 0.13305898491083681 0.38468792866941015 0.0713305898491084 0.3701131687242799 0.07933241883859171
1 0.29381001371742116 0.24279835390946505 0.3195301783264747 0.266803840877915 0.3392489711934157 0.23593964334705078 0.3632544581618656 0.24737082761774123 0.36153978052126207 0.267946959304984 0.3298182441700961 0.27137631458619116 0.31267146776406035 0.27823502514860543 0.3075274348422497 0.30795610425240055 0.2886659807956104 0.31710105166895297 0.24579903978052128 0.31710105166895297 0.24579903978052128 0.2748056698673983
6 0.5235768175582991 0.7514860539551897 0.578446502057613 0.7137631458619113 0.706189986282579 0.7720621856424326 0.74991426611797 0.7652034750800183 0.7807784636488341 0.7880658436213992 0.7764917695473251 0.8040695016003657 0.7241941015089163 0.806355738454504 0.6453189300411524 0.8143575674439874 0.5887345679012346 0.808641975308642 0.527863511659808 0.7617741197988112
6 0.29809670781893005 0.7217649748513946 0.3109567901234568 0.8006401463191588 0.3495370370370371 0.7880658436213992 0.3401063100137175 0.6771833561957018
6 0.032321673525377265 0.7171925011431185 0.08633401920438963 0.754915409236397 0.09319272976680389 0.8909465020576133 0.16863854595336078 0.8989483310470965 0.167781207133059 0.9332418838591678 0.1017661179698217 0.9446730681298583 0.04861111111111116 0.9263831732967537 0.04346707818930045 0.8932327389117513
6 0.310099451303155 0.12848651120256063 0.3169581618655693 0.16506630086877003 0.3606824417009602 0.1822130772748057 0.35811042524005493 0.17078189300411525 0.3366769547325103 0.16392318244170098 0.33324759945130317 0.138774577046182 0.3272462277091907 0.12848651120256063
