5 0.26768060836501906 0.009014718140193405 0.2311787072243346 0.06724785622124023 0.2129277566539924 0.14260838785553615 0.2167300380228137 0.23852179175373095 0.2296577946768061 0.2830530149921785 0.28593155893536126 0.402944769864922 0.33003802281368827 0.37668276641660675 0.36730038022813694 0.28762031993971154 0.38403041825095063 0.2510818803594469 0.4076045627376427 0.23737996551684765 0.3992395437262358 0.13689925667111977 0.36197718631178716 0.03641854782539192 0.305703422053232 0.005589239429543592
5 0.6638783269961978 0.003305586955777049 0.6167300380228137 0.058113246326174074 0.5901140684410646 0.11520455817033762 0.5923954372623575 0.19056508980463352 0.5855513307984792 0.2168270932529488 0.6 0.28533666746594505 0.6190114068441065 0.2956131035978945 0.6365019011406845 0.37782459265349 0.6577946768060836 0.4097957272862216 0.7513307984790876 0.33671884812569225 0.7711026615969583 0.243089096701264 0.7870722433460077 0.13004829924982014 0.7855513307984792 0.06039689879994062 0.7619771863117871 0.03641854782539192 0.7233211739543727 5.334404923123875e-18
6 0.41825095057034223 0.5902042727137785 0.4532319391634982 0.43149042578700375 0.4965779467680609 0.47031251784103495 0.5049429657794677 0.5342547871064982 0.4942965779467681 0.7180888112447048 0.4775665399239544 0.8459733497756312 0.4365019011406845 0.9396031012000593 0.370342205323194 0.853966133433814 0.2790874524714829 0.5525240068966305 0.24334600760456274 0.5102764361319495 0.21749049429657796 0.40637024857557175 0.21520912547528517 0.32758423823062605 0.22433460076045625 0.3253005857568595 0.23574144486692014 0.37554094017972345 0.26615969581749055 0.41893033718128775 0.24182509505703426 0.36754815652154055 0.23193916349809884 0.31388232338802685 0.23878326996197718 0.30817319220361045 0.311787072243346 0.44747599310336955 0.288212927756654 0.3938101599698558 0.2950570342205323 0.3492789367314082 0.30114068441064645 0.3492789367314082 0.30342205323193916 0.3686899827584238 0.32319391634980993 0.4337740782607703 0.3346007604562738 0.5216946985007822 0.3954372623574145 0.6609974994005412
6 0.14600760456273765 0.42692312083947065 0.11330798479087452 0.4463341668664863 0.07148288973384033 0.5490985281859807 0.0 0.862055070880366 0.016730038022813695 0.9350357962525263 0.13612167300380226 0.9738578883065575 0.19239543726235742 0.9932689343335732 0.24486692015209124 0.9396031012000593 0.2403041825095057 0.9304684913049933 0.2593155893536122 0.9236175338836936 0.25475285171102663 0.9042064878566779 0.21216730038022813 0.9087737928042111 0.24258555133079848 0.8882209205403122 0.23878326996197718 0.8756608319345962 0.17566539923954372 0.8756608319345962 0.132319391634981 0.8436896973018647 0.19543726235741446 0.841406044828098 0.20304182509505705 0.836838739880565 0.1520912547528517 0.8048676052478335 0.11558935361216731 0.8277041299854988 0.13688212927756654 0.7386416835086036 0.1505703422053232 0.62217540734651
6 0.5642585551330799 0.4588942554722023 0.5209125475285171 0.4851562589205175 0.502661596958175 0.5331129608696148 0.4950570342205324 0.7226561161922379 0.48060836501901144 0.8436896973018647 0.4950570342205324 0.9179084026992773 0.5193916349809886 0.9396031012000593 0.5376425855513308 0.9384612749631761 0.5543726235741445 0.92932666506811 0.6212927756653993 0.8060094314847167 0.7003802281368823 0.5879206202400119 0.7300380228136882 0.5468148757122142 0.7596958174904944 0.44519234062960295 0.7505703422053233 0.42692312083947065 0.755893536121673 0.4132212059968714 0.7437262357414449 0.3960938124436224 0.7726235741444867 0.36069719910024095 0.7528517110266161 0.34699528425764165 0.7064638783269962 0.3960938124436224 0.6980988593155893 0.3938101599698558 0.7110266159695818 0.3698318089953071 0.7414448669201521 0.3412861530732253 0.7361216730038024 0.32415875951997625 0.7049429657794677 0.33671884812569225 0.6920152091254754 0.34813711049452495 0.68212927756654 0.3892428550223227 0.6722433460076046 0.37211546146907365 0.6653992395437263 0.37325728770595695 0.6669201520912548 0.39951929115427215 0.6509505703422054 0.4440505143927197 0.6532319391634982 0.5342547871064982 0.5870722433460077 0.6769830667169071 0.5756653992395439 0.6073316662670275
6 0.8281368821292776 0.44747599310336955 0.8273764258555134 0.592487925187545 0.8486692015209125 0.6929686340332728 0.8532319391634982 0.6861176766119732 0.9429657794676807 0.8551079596706974 0.8942965779467681 0.849398828486281 0.8190114068441066 0.8071512577216 0.7931558935361218 0.8436896973018647 0.7984790874524715 0.8551079596706974 0.8311787072243346 0.8436896973018647 0.8334600760456274 0.8619589170919969 0.749809885931559 0.8939300517247286 0.7399239543726236 0.9042064878566779 0.7475285171102662 0.9190502289361606 0.7604562737642586 0.9247593601205769 0.8326996197718631 0.9042064878566779 0.834980988593156 0.9076319665673278 0.7931558935361218 0.9338939700156431 0.7429657794676807 0.9384612749631761 0.7346007604562739 0.9555886685164253 0.7384030418250951 0.971574235832791 0.7482889733840304 0.9704324095959078 0.7536121673003803 0.9875598031491568 0.8106463878326997 0.9875598031491568 0.8433460076045628 0.9921271080966899 0.9224334600760457 0.9510213635688921 0.998 0.9391347349522254 0.998 0.7797474280364015 0.8828897338403042 0.4828726064467509
8 0.2114068441064639 0.3938101599698558 0.19239543726235742 0.4897235638680506 0.18631178707224336 0.6564301944530081 0.2197718631178707 0.7135215062971717 0.32319391634980993 0.7135215062971717 0.28560606060606064 0.5983255983255983 0.2798479087452472 0.5525240068966305 0.24258555133079848 0.5148437410794826
8 0.35969581749049434 0.30703136596672714 0.3330798479087453 0.3789664188903733 0.311787072243346 0.3881010287854394 0.32471482889733844 0.43149042578700375 0.3346007604562738 0.5182692197901323 0.3695817490494297 0.6073316662670275 0.40152091254752853 0.4052284223386885 0.35817490494296583 0.37211546146907365
8 0.7536121673003803 0.41664668470752125 0.7809885931558935 0.43034859955012045 0.8053231939163499 0.5570913118441635 0.7954372623574145 0.702103243928339 0.7520912547528518 0.7454926409299033 0.6790874524714829 0.7477762934036699 0.6562737642585552 0.727223421139771 0.6988593155893537 0.5902042727137785 0.7346007604562739 0.5388220920540312 0.7604562737642586 0.44747599310336955
8 0.6365019011406845 0.38353372383790635 0.6593155893536122 0.40751207481245505 0.6517110266159697 0.4440505143927197 0.6515151515151515 0.5255255255255256 0.6212927756653993 0.6061898400301442 0.6007604562737644 0.4394832094451866 0.6326996197718632 0.42121398965505435
1 0.20988593155893537 0.3881010287854394 0.1482889733840304 0.42578129460258735 0.15133079847908745 0.6290263647678097 0.1376425855513308 0.7500599458774364 0.14980988593155894 0.799158474063417 0.2889733840304183 0.7934493428790008 0.3330798479087453 0.8128603889060163 0.31330798479087457 0.9236175338836936 0.4281368821292776 0.9350357962525263 0.39545454545454545 0.6654381654381655 0.41060606060606064 0.5175630175630176 0.44621212121212117 0.42770042770042765 0.403030303030303 0.4038129038129038 0.36818181818181817 0.5949130949130949 0.3224334600760457 0.7112378538234052 0.223574144486692 0.714663332534055 0.18403041825095057 0.6530047157423584 0.19011406844106463 0.4828726064467509
1 0.779467680608365 0.432632252023887 0.8288973384030419 0.44519234062960295 0.8288973384030419 0.5993388826088446 0.8486692015209125 0.7066705488758721 0.8562737642585552 0.7865983854577011 0.8486692015209125 0.824278651274849 0.8182509505703423 0.811718562669133 0.8106463878326997 0.819711346327316 0.7247148288973384 0.8025839527740668 0.620532319391635 0.819711346327316 0.5659090909090909 0.45955045955045953 0.5999999999999999 0.4379379379379379 0.6204545454545454 0.6062881062881063 0.6783269961977187 0.7466344671667866 0.7528517110266161 0.7466344671667866 0.7961977186311787 0.6998195914545724 0.808365019011407 0.5639422692654632
1 0.6190114068441065 0.8174276938535495 0.55893536121673 0.9236175338836936 0.620532319391635 0.9281848388312266 0.611406844106464 0.8471151760125145
