5 0.5609180609180608 0.39142857142857146 0.4974259974259975 0.4177142857142857 0.5094380094380095 0.4668571428571429 0.5437580437580437 0.5137142857142858 0.6106821106821108 0.5182857142857143 0.645002145002145 0.476 0.6415701415701417 0.4325714285714286 0.620978120978121 0.40171428571428575
5 0.3601458601458602 0.3777142857142857 0.31552981552981546 0.404 0.3086658086658086 0.43028571428571427 0.3567138567138567 0.4737142857142857 0.4047619047619047 0.4611428571428572 0.4305019305019306 0.4405714285714286 0.4339339339339339 0.41314285714285715 0.4236379236379236 0.388
5 0.7153582153582154 0.23828571428571427 0.6981981981981982 0.2645714285714286 0.6947661947661948 0.28514285714285714 0.7016302016302017 0.2988571428571429 0.717074217074217 0.3045714285714286 0.7376662376662377 0.3045714285714286 0.7565422565422566 0.2771428571428572 0.7685542685542686 0.2554285714285714 0.7445302445302446 0.236
5 0.5592020592020592 0.21314285714285713 0.5403260403260404 0.22 0.5317460317460317 0.2337142857142857 0.5265980265980267 0.25085714285714283 0.5523380523380523 0.2668571428571429 0.5780780780780781 0.26342857142857146 0.6038181038181037 0.24285714285714283 0.5918060918060918 0.22685714285714284
5 0.7342342342342343 0.09428571428571429 0.7067782067782069 0.11714285714285713 0.7050622050622051 0.13657142857142857 0.7342342342342343 0.1514285714285714 0.7702702702702703 0.14571428571428569 0.783998283998284 0.12057142857142857 0.7702702702702703 0.10457142857142857
5 0.9298584298584299 0.11257142857142857 0.9195624195624196 0.124 0.9195624195624196 0.14914285714285713 0.947018447018447 0.15485714285714283 0.9521664521664522 0.14571428571428569 0.9590304590304589 0.12514285714285714 0.9555984555984556 0.11142857142857143
5 0.3773058773058774 0.13314285714285715 0.354997854997855 0.14685714285714283 0.35328185328185335 0.18228571428571427 0.3910338910338911 0.1834285714285714 0.4339339339339339 0.15485714285714283 0.4099099099099099 0.14114285714285713
5 0.26576576576576577 0.09542857142857143 0.27949377949377946 0.11942857142857143 0.27091377091377095 0.12285714285714286 0.2434577434577434 0.12057142857142857 0.20742170742170737 0.10457142857142857 0.2091377091377092 0.09428571428571429 0.22458172458172457 0.08628571428571429
5 0.04611754611754622 0.11142857142857143 0.0684255684255684 0.13085714285714284 0.04268554268554271 0.15257142857142855 0.011797511797511847 0.15257142857142855 0.011797511797511847 0.12514285714285714
5 0.2915057915057915 0.12857142857142856 0.25375375375375375 0.13428571428571429 0.24174174174174173 0.15028571428571427 0.23144573144573138 0.1662857142857143 0.27434577434577445 0.16742857142857143 0.30180180180180183 0.16285714285714284 0.30694980694980695 0.15485714285714283
1 0.4099099099099099 0.47028571428571425 0.3876018876018876 0.48514285714285715 0.34126984126984133 0.48742857142857143 0.330973830973831 0.4828571428571429 0.2812097812097813 0.5068571428571429 0.26576576576576577 0.5582857142857144 0.3172458172458173 0.5662857142857143 0.3344058344058345 0.5537142857142858 0.330973830973831 0.5777142857142857 0.3138138138138138 0.6131428571428571 0.3910338910338911 0.6417142857142858 0.46310596310596314 0.6188571428571429 0.4356499356499356 0.6131428571428571 0.44594594594594594 0.5708571428571428 0.4734019734019735 0.5388571428571429 0.4871299871299872 0.5251428571428571 0.493993993993994 0.4988571428571429 0.4528099528099528 0.47828571428571426
1 0.5489060489060489 0.5045714285714286 0.4905619905619907 0.5217142857142858 0.44937794937794945 0.5514285714285715 0.4510939510939511 0.5697142857142857 0.493993993993994 0.5765714285714285 0.493993993993994 0.5811428571428571 0.4905619905619907 0.612 0.481981981981982 0.6428571428571429 0.47854997854997866 0.668 0.48369798369798367 0.6851428571428572 0.5283140283140284 0.7011428571428571 0.5832260832260833 0.6988571428571428 0.6312741312741313 0.6862857142857144 0.6758901758901759 0.6817142857142858 0.6587301587301588 0.5902857142857143 0.681038181038181 0.5514285714285715 0.6896181896181897 0.5171428571428571 0.6776061776061777 0.5148571428571429 0.6158301158301158 0.5205714285714286 0.5900900900900901 0.5297142857142858 0.5506220506220507 0.5228571428571429
1 0.6621621621621622 0.29542857142857143 0.693050193050193 0.29428571428571426 0.7153582153582154 0.3228571428571429 0.7428142428142429 0.31142857142857144 0.7548262548262549 0.29314285714285715 0.7737022737022737 0.29314285714285715 0.8200343200343202 0.3971428571428572 0.7977262977262978 0.3948571428571429 0.783998283998284 0.3537142857142857 0.7616902616902618 0.3845714285714286 0.7342342342342343 0.3765714285714286 0.7290862290862291 0.3948571428571429 0.6278421278421278 0.38342857142857145 0.6415701415701417 0.3102857142857143
1 0.8972543972543973 0.17085714285714285 0.8680823680823682 0.20857142857142855 0.8697983697983699 0.24857142857142855 0.8732303732303732 0.2588571428571429 0.8955383955383955 0.268 0.953882453882454 0.268 0.9590304590304589 0.22114285714285714 0.9624624624624626 0.172 0.9298584298584299 0.18114285714285713 0.9075504075504076 0.1617142857142857
1 0.7290862290862291 0.15828571428571428 0.7205062205062206 0.172 0.730802230802231 0.2017142857142857 0.7428142428142429 0.23714285714285713 0.7651222651222651 0.2554285714285714 0.7599742599742599 0.27142857142857146 0.7805662805662806 0.27371428571428574 0.8320463320463322 0.2645714285714286 0.8286143286143285 0.2154285714285714 0.8303303303303305 0.20285714285714282 0.8577863577863578 0.1857142857142857 0.8200343200343202 0.14914285714285713 0.7754182754182755 0.14114285714285713 0.7565422565422566 0.1514285714285714
1 0.5849420849420849 0.2645714285714286 0.620978120978121 0.2782857142857143 0.6398541398541399 0.30342857142857144 0.6192621192621193 0.308 0.6226941226941228 0.34342857142857147 0.596954096954097 0.36514285714285716 0.53003003003003 0.3537142857142857 0.5283140283140284 0.2965714285714286 0.5283140283140284 0.29085714285714287 0.5163020163020163 0.30114285714285716 0.49227799227799235 0.29085714285714287 0.5077220077220077 0.27371428571428574 0.5214500214500215 0.2668571428571429 0.5454740454740455 0.268
1 0.3464178464178465 0.1617142857142857 0.30180180180180183 0.172 0.26748176748176744 0.21085714285714283 0.24174174174174173 0.2302857142857143 0.23659373659373656 0.24057142857142855 0.26748176748176744 0.25771428571428573 0.30694980694980695 0.26 0.3172458172458173 0.26342857142857146 0.34126984126984133 0.22342857142857142 0.3515658515658515 0.2154285714285714 0.37044187044187055 0.21657142857142855 0.36186186186186187 0.188 0.3567138567138567 0.18228571428571427
1 0.05126555126555122 0.16514285714285715 0.10789360789360794 0.1834285714285714 0.13191763191763198 0.21885714285714283 0.10274560274560277 0.24514285714285713 0.09759759759759759 0.2554285714285714 0.08730158730158726 0.2645714285714286 0.09244959244959243 0.3068571428571429 0.0015015015015015015 0.30914285714285716 0.0 0.19514285714285387 0.0015015015015015015 0.16742857142857143 0.020377520377520438 0.18228571428571427 0.032389532389532454 0.1857142857142857
2 0.5128700128700129 0.3537142857142857 0.5265980265980267 0.4051428571428572 0.5592020592020592 0.3948571428571429 0.5677820677820677 0.38114285714285717 0.5797940797940797 0.39371428571428574 0.6192621192621193 0.396 0.6038181038181037 0.364
2 0.6484341484341485 0.39142857142857146 0.6484341484341485 0.5125714285714286 0.6913341913341914 0.5171428571428571 0.717074217074217 0.4508571428571429 0.7222222222222222 0.5411428571428571 0.7256542256542258 0.6028571428571429 0.7685542685542686 0.5994285714285714 0.7719862719862719 0.4794285714285714 0.766838266838267 0.39942857142857147 0.7273702273702274 0.4028571428571429 0.7239382239382239 0.3948571428571429
2 0.8286143286143285 0.26 0.8234663234663235 0.31714285714285717 0.8131703131703132 0.32742857142857146 0.7788502788502789 0.3251428571428572 0.7754182754182755 0.29085714285714287 0.7634062634062634 0.29314285714285715 0.7616902616902618 0.27371428571428574 0.7788502788502789 0.276
2 0.8680823680823682 0.2645714285714286 0.8697983697983699 0.348 0.8800943800943802 0.36514285714285716 0.8989703989703989 0.372 0.9058344058344059 0.32971428571428574 0.935006435006435 0.2965714285714286 0.9573144573144573 0.268 0.9041184041184043 0.2668571428571429
2 0.23316173316173325 0.2565714285714286 0.2434577434577434 0.316 0.20055770055770053 0.3982857142857143 0.21771771771771772 0.4051428571428572 0.23144573144573138 0.4074285714285714 0.28635778635778647 0.32742857142857146 0.28635778635778647 0.4097142857142857 0.30694980694980695 0.39942857142857147 0.34984984984984985 0.38571428571428573 0.34126984126984133 0.3628571428571429 0.3258258258258258 0.332 0.32239382239382247 0.2691428571428572
2 0.010081510081510094 0.31142857142857144 0.08215358215358225 0.31142857142857144 0.04096954096954096 0.436 0.022093522093522104 0.4337142857142857 0.03582153582153587 0.3422857142857143 0.010081510081510094 0.4417142857142857 -1.3336012307809688e-18 0.44003571428571425
2 0.31552981552981546 0.6211428571428571 0.30008580008580016 0.6497142857142858 0.32410982410982414 0.6851428571428572 0.3944658944658946 0.6805714285714286 0.3996138996138996 0.6417142857142858 0.41677391677391673 0.6634285714285715 0.4682539682539683 0.6714285714285715 0.4854139854139855 0.6257142857142858 0.4562419562419563 0.6131428571428571 0.4030459030459031 0.6371428571428571
2 0.48369798369798367 0.6885714285714285 0.48026598026598033 0.7205714285714285 0.5283140283140284 0.8017142857142858 0.5489060489060489 0.8131428571428571 0.5866580866580867 0.8005714285714286 0.5746460746460748 0.7822857142857144 0.5866580866580867 0.7891428571428571 0.6518661518661518 0.7868571428571429 0.6535821535821537 0.8028571428571429 0.6741741741741741 0.8085714285714286 0.6741741741741741 0.7948571428571429 0.6741741741741741 0.7628571428571429 0.669026169026169 0.7342857142857143 0.6621621621621622 0.6897142857142857 0.6295581295581296 0.6885714285714285 0.5866580866580867 0.7057142857142857 0.5317460317460317 0.7022857142857143
7 0.33268983268983265 0.692 0.31896181896181897 0.7491428571428571 0.3395538395538395 0.804 0.3738738738738739 0.8051428571428572 0.3773058773058774 0.7148571428571429 0.37558987558987555 0.6862857142857144
7 0.41505791505791506 0.6668571428571429 0.40132990132990143 0.7194285714285714 0.43736593736593743 0.7251428571428571 0.4510939510939511 0.7205714285714285 0.4648219648219648 0.6748571428571429
7 0.6038181038181037 0.7982857142857144 0.6123981123981125 0.8188571428571428 0.6158301158301158 0.884 0.6501501501501501 0.8794285714285714 0.6552981552981553 0.8234285714285714 0.6484341484341485 0.788
3 0.3292578292578293 0.8074285714285715 0.3344058344058345 0.8462857142857143 0.39274989274989275 0.8417142857142857 0.3893178893178894 0.8108571428571429
3 0.40132990132990143 0.7262857142857143 0.3910338910338911 0.756 0.41848991848991857 0.7777142857142858 0.4339339339339339 0.7571428571428571 0.4528099528099528 0.732
3 0.6158301158301158 0.8977142857142858 0.6055341055341056 0.9148571428571429 0.596954096954097 0.932 0.6244101244101244 0.9502857142857143 0.6673101673101673 0.9514285714285714 0.6673101673101673 0.9205714285714286 0.657014157014157 0.8988571428571429 0.657014157014157 0.8817142857142858 0.6278421278421278 0.8817142857142858
3 0.5540540540540541 0.8211428571428571 0.5849420849420849 0.844 0.6021021021021021 0.8462857142857143 0.6021021021021021 0.8154285714285714 0.5918060918060918 0.8085714285714286
6 0.2812097812097813 0.5605714285714286 0.2434577434577434 0.6245714285714286 0.2194337194337194 0.6268571428571429 0.20742170742170737 0.6474285714285715 0.22114972114972123 0.652 0.2606177606177606 0.6371428571428571 0.27949377949377946 0.6062857142857143 0.31896181896181897 0.5685714285714285
6 0.4510939510939511 0.5845714285714285 0.5094380094380095 0.5868571428571429 0.5592020592020592 0.5708571428571428 0.5952380952380952 0.5742857142857143 0.5900900900900901 0.5845714285714285 0.5712140712140712 0.588 0.5386100386100388 0.596 0.49227799227799235 0.6154285714285714 0.44937794937794945 0.6131428571428571
6 0.6724581724581725 0.5788571428571428 0.7205062205062206 0.6268571428571429 0.7205062205062206 0.66 0.7342342342342343 0.6702857142857144 0.7462462462462462 0.6554285714285715 0.7496782496782497 0.6417142857142858 0.7445302445302446 0.6154285714285714 0.7239382239382239 0.5902857142857143 0.6896181896181897 0.5548571428571429 0.6896181896181897 0.5525714285714286 0.6741741741741741 0.5674285714285714
6 0.7479622479622479 0.1857142857142857 0.7805662805662806 0.19257142857142856 0.8166023166023165 0.204 0.8457743457743458 0.19485714285714284 0.8577863577863578 0.1937142857142857 0.8646503646503645 0.21085714285714283 0.8526383526383525 0.21314285714285713 0.802874302874303 0.20857142857142855 0.7651222651222651 0.2017142857142857
6 0.8955383955383955 0.196 0.953882453882454 0.2097142857142857 0.9813384813384813 0.2017142857142857 0.9933504933504933 0.2074285714285714 0.996996996996997 0.21506122448979595 0.995066495066495 0.23485714285714282 0.9641784641784643 0.21657142857142855 0.917846417846418 0.2177142857142857
6 0.49227799227799235 0.2977142857142857 0.46996996996997 0.33542857142857146 0.46653796653796664 0.3605714285714286 0.4734019734019735 0.3628571428571429 0.5111540111540112 0.3148571428571429 0.5197340197340197 0.30342857142857144
6 0.6175461175461177 0.3102857142857143 0.6398541398541399 0.3057142857142857 0.6381381381381381 0.34457142857142864 0.6226941226941228 0.34457142857142864
1 0.2348777348777349 0.16857142857142857 0.28464178464178463 0.16742857142857143 0.27434577434577445 0.19257142857142856 0.24174174174174173 0.22457142857142856 0.2228657228657229 0.2417142857142857 0.19540969540969536 0.236 0.20055770055770053 0.1857142857142857
