5 0.28960489536904127 0.304649568743931 0.25032106972879054 0.3320671731307477 0.2306791569086651 0.38347518135602904 0.22614640779632844 0.4280287884846061 0.23596736420639114 0.45773119323699085 0.22916824053788623 0.49314559890329585 0.2344564478356123 0.5274176043868166 0.24201102968950672 0.5685440109670417 0.24503286243106442 0.5845376135260182 0.2797839389589786 0.5925344148055064 0.3220895973407872 0.5605472096875536 0.33644330286318647 0.5354144056663049 0.36288433935181685 0.5114240018278403 0.37270529576187955 0.463443194150911 0.3795044194303845 0.40632318501170955 0.3659061720933746 0.35834237733478036 0.32360051371156606 0.3080767692922831
5 0.6922641081816121 0.3206431713029074 0.662801238951424 0.33663677386188384 0.6431593261312986 0.3606271777003484 0.6242728714965626 0.41317758610841376 0.6295610787942888 0.44402239104358254 0.6431593261312986 0.47715199634431943 0.6439147843166881 0.5251328040212486 0.6582684898390874 0.578825612612098 0.6771549444738234 0.5993888159022105 0.7232378937825791 0.5833952133432342 0.7459016393442623 0.5205632032901125 0.7557225957543251 0.5125664020106243 0.774609050389061 0.4817215970754556 0.7723426758328926 0.39489918318386935 0.7474125557150412 0.3320671731307477 0.7247488101533581 0.31150396984063516
5 0.8720631563042985 0.4554463928714229 0.8758404472312458 0.42345918775347 0.8894386945682556 0.4108927857428457 0.903792400090655 0.4166047866567658 0.9113469819445493 0.4337407893985263 0.9000151091637077 0.46115839378534307
1 0.23143461509405452 0.5251328040212486 0.16873158570673116 0.5548352087736335 0.1475787565158269 0.5993888159022105 0.13171413462264864 0.7341920374707259 0.11433859635869155 0.8427200548352087 0.17704162574601498 0.8495744559319129 0.1974389967515298 0.8587136573941851 0.19063987308302485 0.9820928771348604 0.38252625217194225 0.9878048780487805 0.4029236231774571 0.9615296738447477 0.39839087406512047 0.8632832581253213 0.4535393215985495 0.8609984577597533 0.4731812344186749 0.8530016564802649 0.4799803580871798 0.8484320557491289 0.4512729470423812 0.618809619009539 0.3968799576943416 0.5674016107842577 0.39159175039661553 0.5594048095047695 0.361373422981038 0.5468384074941451 0.34550880108785975 0.5948192151710744 0.32964417919468153 0.6645056263209002 0.29867039359371456 0.7170560347289655 0.2722293571050842 0.6622208259553322 0.2616529425096321 0.6119552179128348 0.2571201933972954 0.5891072142571542 0.2465437788018433 0.5868224138915862 0.2405001133187278 0.5685440109670417
1 0.6560021152829192 0.5742560118809619 0.6152073732718893 0.5913920146227223 0.5985872931933218 0.6233792197406751 0.590277253154038 0.6290912206545952 0.5774344640024174 0.7341920374707259 0.5849890458563117 0.8130176500828239 0.5789453803731963 0.856428857028617 0.6446702425020776 0.8758496601359456 0.6514693661705825 0.930684868909579 0.6537357407267508 0.9695264751242361 0.657513031653698 0.9878048780487805 0.7149278537432953 0.9878048780487805 0.7277706428949158 0.9695264751242361 0.7383470574903679 0.9832352773176444 0.8561985344111204 0.9843776775004284 0.8614867417088464 0.9843776775004284 0.8501548689280048 0.8975552636088421 0.9385434766185692 0.8507168561146969 0.8924605273098134 0.6507968241274918 0.8690413235627408 0.6073856171816987 0.81615925058548 0.5651168104186897 0.7640326357936088 0.5308448049351687 0.7670544685351667 0.5731136116981779 0.7602553448666617 0.659936025589764 0.7345697665634207 0.7102016336322613 0.7005741482208959 0.6565088250414121 0.6771549444738234 0.6130976180956189
1 0.867530407191962 0.463443194150911 0.835045705220216 0.48286399725823953 0.817670166956259 0.5628320100531216 0.8705522399335196 0.6016736162677786 0.8954823600513712 0.6028160164505626 0.9060587746468234 0.541126406580225 0.9196570219838331 0.5308448049351687 0.9098360655737705 0.4794367967098875 0.8932159854952028 0.46687039469926317
6 0.133980509178817 0.8507168561146969 0.19215078945380376 0.8575712572114012 0.18912895671224597 0.9855200776832123 0.1347359673642064 0.9855200776832123
6 0.3946135831381733 0.8689952590392415 0.4006572486212888 0.9626720740275317 0.3810153358011634 0.9900896784143485 0.4384301578907607 0.9878048780487805 0.4580720707108861 0.9478208716513394 0.4580720707108861 0.8575712572114012
6 0.5872554204124801 0.8678528588564574 0.6408929515751304 0.8769920603187296 0.6340938279066254 0.9489632718341234 0.6416484097605197 0.9878048780487805 0.5864999622270908 0.9855200776832123 0.5872554204124801 0.9501056720169074
6 0.8524212434841731 0.8975552636088421 0.903792400090655 0.8712800594048095 0.9136133565007177 0.9763808762209402 0.9083251492029916 0.9889472782315645 0.8637531162650147 0.9889472782315645
6 0.9075696910176022 0.539984006397441 0.9181461056130543 0.5297024047523847 0.9219233965400015 0.5651168104186897 0.9113469819445493 0.5719712115153939
