5 0.2983697983697983 0.4348571428571429 0.3103818103818103 0.4268571428571429 0.3481338481338482 0.43142857142857144 0.35842985842985836 0.4508571428571429 0.3447018447018447 0.4737142857142857 0.3120978120978121 0.4714285714285714 0.2932217932217933 0.4462857142857143
5 0.8955383955383954 0.4828571428571429 0.9350064350064351 0.48742857142857143 0.9607464607464608 0.4668571428571429 0.9332904332904335 0.444 0.886958386958387 0.436 0.8646503646503647 0.46571428571428575
5 0.13363363363363365 0.3708571428571429 0.13191763191763198 0.39142857142857146 0.10446160446160443 0.3868571428571429 0.11475761475761478 0.37314285714285716
5 0.08901758901758909 0.3777142857142857 0.1061776061776061 0.3868571428571429 0.0941655941655941 0.4028571428571429 0.06499356499356507 0.3971428571428572
5 0.046117546117546045 0.36628571428571427 0.06327756327756323 0.36628571428571427 0.05126555126555122 0.3845714285714286 0.027241527241527192 0.388
5 0.6638781638781638 0.38342857142857145 0.6776061776061775 0.3902857142857143 0.6741741741741741 0.40057142857142863 0.6570141570141571 0.3982857142857143
5 0.7462462462462462 0.38571428571428573 0.7582582582582582 0.396 0.7393822393822392 0.40171428571428575
5 0.7033462033462032 0.40057142857142863 0.7136422136422136 0.396 0.7273702273702273 0.404 0.7205062205062206 0.4074285714285714
5 0.8423423423423423 0.39371428571428574 0.856070356070356 0.388 0.8663663663663663 0.39942857142857147 0.856070356070356 0.404
5 0.8063063063063063 0.39942857142857147 0.826898326898327 0.3948571428571429 0.832046332046332 0.4028571428571429 0.82003432003432 0.4074285714285714
5 0.14392964392964397 0.38114285714285717 0.155941655941656 0.37314285714285716 0.16966966966966968 0.38114285714285717 0.16623766623766617 0.388
5 0.4785499785499785 0.38342857142857145 0.4957099957099957 0.38342857142857145 0.493993993993994 0.3925714285714286 0.47511797511797516 0.3982857142857143
1 0.832046332046332 0.47714285714285715 0.7942942942942943 0.4988571428571429 0.7548262548262549 0.5491428571428572 0.7342342342342343 0.588 0.7702702702702703 0.6234285714285714 0.88009438009438 0.6268571428571429 0.8903903903903904 0.6017142857142858 0.9435864435864434 0.6337142857142858 0.9624624624624625 0.6291428571428571 0.9435864435864434 0.5617142857142858 0.9555984555984555 0.4942857142857143 0.9024024024024024 0.48514285714285715
1 0.28292578292578296 0.468 0.31896181896181897 0.484 0.3481338481338482 0.47714285714285715 0.37558987558987555 0.5091428571428571 0.3567138567138567 0.5685714285714285 0.3687258687258687 0.588 0.3086658086658086 0.596 0.22801372801372807 0.6028571428571429 0.2091377091377092 0.54 0.24860574860574858 0.47485714285714287
1 0.07528957528957524 0.404 0.07357357357357357 0.444 0.11818961818961812 0.4405714285714286 0.11304161304161311 0.4268571428571429
1 0.03410553410553403 0.41428571428571426 0.04268554268554271 0.42914285714285716 0.06670956670956674 0.42 0.06499356499356507 0.3948571428571429 0.046117546117546045 0.388
1 0.12162162162162163 0.4165714285714286 0.12505362505362513 0.436 0.1473616473616473 0.4417142857142857 0.16623766623766617 0.4097142857142857 0.13363363363363365 0.40628571428571425
1 0.6570141570141571 0.4074285714285714 0.6604461604461604 0.4337142857142857 0.6758901758901759 0.436 0.6844701844701845 0.4097142857142857
1 0.7033462033462032 0.412 0.7239382239382239 0.4097142857142857 0.7136422136422136 0.4325714285714286 0.6981981981981982 0.43142857142857144
1 0.7256542256542255 0.4097142857142857 0.7445302445302446 0.4097142857142857 0.7599742599742599 0.41085714285714287 0.7513942513942512 0.428 0.7445302445302446 0.43942857142857145 0.7239382239382239 0.4348571428571429
1 0.7874302874302873 0.40628571428571425 0.7771342771342773 0.4257142857142857 0.7942942942942943 0.43028571428571427 0.8114543114543114 0.4085714285714286
1 0.19540969540969536 0.41428571428571426 0.20055770055770053 0.43028571428571427 0.21600171600171605 0.4325714285714286 0.2228657228657229 0.4085714285714286 0.2057057057057057 0.404
1 0.40132990132990143 0.41314285714285715 0.3893178893178894 0.4622857142857143 0.44079794079794077 0.4714285714285714 0.4442299442299443 0.4188571428571429 0.4236379236379236 0.41428571428571426
1 0.39274989274989275 0.3845714285714286 0.4133419133419134 0.3925714285714286 0.41162591162591156 0.4097142857142857 0.3893178893178894 0.4097142857142857 0.3773058773058774 0.39371428571428574
5 0.40132990132990143 0.36514285714285716 0.4184899184899184 0.37542857142857144 0.41505791505791506 0.3822857142857143 0.3893178893178894 0.38114285714285717 0.38416988416988423 0.3685714285714286
1 0.5935220935220936 0.40057142857142863 0.6123981123981125 0.41314285714285715 0.6106821106821108 0.4257142857142857 0.5900900900900901 0.4257142857142857 0.5866580866580866 0.41428571428571426
2 0.07014157014157006 0.4417142857142857 0.06670956670956674 0.47028571428571425 0.11475761475761478 0.4691428571428572 0.11647361647361645 0.444
2 0.027241527241527192 0.43714285714285717 0.027241527241527192 0.508 0.06327756327756323 0.4897142857142857 0.06156156156156156 0.4348571428571429
2 0.17138567138567135 0.44971428571428573 0.16280566280566283 0.49314285714285716 0.14392964392964397 0.49542857142857144 0.14392964392964397 0.4691428571428572 0.13191763191763198 0.46571428571428575 0.1353496353496353 0.4988571428571429 0.11304161304161311 0.5057142857142857 0.11475761475761478 0.4714285714285714 0.11990561990561996 0.4382857142857143 0.155941655941656 0.444
2 0.6450021450021451 0.43028571428571427 0.6535821535821534 0.4382857142857143 0.6158301158301158 0.4382857142857143 0.6192621192621192 0.4348571428571429
2 0.5815100815100815 0.4268571428571429 0.5797940797940797 0.4428571428571429 0.6038181038181037 0.4428571428571429 0.6038181038181037 0.43028571428571427
1 0.5403260403260404 0.4405714285714286 0.5351780351780352 0.42114285714285715 0.5231660231660232 0.4325714285714286
2 0.53003003003003 0.444 0.5454740454740455 0.452 0.53003003003003 0.45771428571428574
7 0.07357357357357357 0.46457142857142864 0.06327756327756323 0.508 0.07700557700557707 0.5125714285714286 0.08386958386958392 0.47485714285714287
7 0.08901758901758909 0.484 0.10274560274560277 0.5114285714285715 0.10446160446160443 0.47714285714285715
7 0.5197340197340197 0.45657142857142863 0.5265980265980266 0.4828571428571429 0.5111540111540112 0.476
7 0.5334620334620336 0.4611428571428572 0.5437580437580437 0.45657142857142863 0.5506220506220505 0.47828571428571426 0.5420420420420421 0.47828571428571426
7 0.5729300729300729 0.44971428571428573 0.5900900900900901 0.45657142857142863 0.5849420849420849 0.47028571428571425
7 0.5935220935220936 0.444 0.6021021021021021 0.45657142857142863 0.5986700986700986 0.476
7 0.6244101244101244 0.4462857142857143 0.6329901329901332 0.452 0.6329901329901332 0.476 0.6209781209781211 0.4714285714285714
7 0.6432861432861431 0.4417142857142857 0.6587301587301588 0.452 0.6552981552981552 0.47485714285714287
2 0.6999141999141999 0.4485714285714286 0.7102102102102102 0.47485714285714287 0.7205062205062206 0.4691428571428572 0.7187902187902189 0.4417142857142857 0.7102102102102102 0.4382857142857143
2 0.7273702273702273 0.4405714285714286 0.7496782496782496 0.4428571428571429 0.7513942513942512 0.476 0.7410982410982413 0.4588571428571429 0.7325182325182326 0.4737142857142857 0.7273702273702273 0.4737142857142857
3 0.7960102960102959 0.7571428571428571 0.8577863577863577 0.764 0.862934362934363 0.7708571428571429 0.7960102960102959 0.772
3 0.24517374517374524 0.684 0.2983697983697983 0.7011428571428571 0.3120978120978121 0.7114285714285714 0.2863577863577863 0.7091428571428571 0.25032175032175025 0.6977142857142857
3 0.48884598884598884 0.5091428571428571 0.4905619905619905 0.524 0.45967395967395963 0.5182857142857143
3 0.13191763191763198 0.4988571428571429 0.14221364221364213 0.5114285714285715 0.11647361647361645 0.5125714285714286
