5 0.5450643776824033 0.32145922746781114 0.5184549356223175 0.3775393419170243 0.5175965665236051 0.5011444921316166 0.5407725321888411 0.6087267525035764 0.5742489270386265 0.6945636623748213 0.6283261802575107 0.7128755364806868 0.6798283261802575 0.6728183118741058 0.7227467811158798 0.6052932761087267 0.7570815450643776 0.5824034334763948 0.7716738197424893 0.5171673819742488 0.7639484978540773 0.48969957081545057 0.7562231759656651 0.38097281831187413 0.7296137339055794 0.28826895565092986 0.6875536480686695 0.28025751072961375 0.6583690987124463 0.29742489270386263 0.6214592274678111 0.2836909871244635 0.5579399141630901 0.3054363376251788
5 0.3545064377682403 0.08683834048640915 0.3141630901287554 0.12231759656652359 0.31072961373390556 0.20128755364806866 0.31759656652360513 0.2722460658082975 0.34592274678111584 0.32374821173104434 0.3871244635193133 0.3866952789699571 0.41888412017167376 0.3855507868383405 0.4660944206008584 0.3386266094420601 0.47381974248927033 0.29742489270386263 0.4746781115879828 0.24821173104434907 0.4798283261802575 0.18640915593705293 0.4626609442060086 0.13490701001430613 0.4412017167381974 0.11659513590844063 0.4120171673819742 0.09370529327610873
5 0.26695278969957087 0.33519313304721027 0.28497854077253215 0.45536480686695274 0.28669527896995706 0.5354792560801145 0.24291845493562228 0.5881258941344778 0.2128755364806867 0.5732474964234621 0.18025751072961377 0.5526466380543633 0.15965665236051504 0.5331902718168813 0.13390557939914166 0.525178826895565 0.12703862660944204 0.48168812589413446 0.15278969957081542 0.44620886981402 0.16652360515021458 0.355793991416309 0.17854077253218886 0.30200286123032904 0.2111587982832618 0.29856938483547923 0.25407725321888414 0.32145922746781114
5 0.16738197424892703 0.1898426323319027 0.17854077253218886 0.2836909871244635 0.1742489270386266 0.3374821173104435 0.16652360515021458 0.40615164520743924 0.14935622317596564 0.4496423462088698 0.11845493562231761 0.4931330472103004 0.09270386266094423 0.5434907010014306 0.0660944206008584 0.5732474964234621 0.014592274678111607 0.5812589413447782 0.0 0.5598569384835479 0.0 0.33519313304721027 0.0017167381974249167 0.27682403433476394 0.06008583690987123 0.20929899856938483 0.12703862660944204 0.15207439198855505
1 0.32961373390557935 0.3088698140200286 0.35793991416309007 0.36380543633762513 0.3811158798283261 0.40615164520743924 0.40944206008583683 0.41301859799713875 0.4463519313304721 0.4187410586552217 0.4875536480686695 0.3786838340486409 0.4935622317596566 0.3706723891273247 0.47296137339055794 0.3283261802575107 0.4935622317596566 0.31917024320457793 0.49871244635193124 0.27796852646638054 0.5587982832618026 0.3031473533619456 0.5201716738197424 0.35121602288984266 0.5175965665236051 0.40042918454935617 0.5090128755364807 0.45765379113018595 0.4884120171673819 0.48283261802575106 0.4515021459227468 0.5 0.4257510729613733 0.4874105865522174 0.4042918454935622 0.4507868383404864 0.3802575107296137 0.4336194563662375 0.3493562231759656 0.409585121602289 0.3416309012875536 0.39928469241773956 0.32703862660944205 0.40157367668097277 0.3064377682403433 0.3798283261802575 0.2978540772532189 0.35121602288984266 0.31072961373390556 0.3168812589413448
1 0.5287553648068669 0.5984263233190271 0.5665236051502145 0.7071530758226037 0.6180257510729614 0.7563662374821174 0.6669527896995707 0.7586552217453506 0.6995708154506437 0.7357653791130186 0.7158798283261802 0.6224606580829757 0.7587982832618025 0.5858369098712446 0.7648068669527897 0.5515021459227467 0.7836909871244635 0.5858369098712446 0.7639484978540773 0.6876967095851215 0.7467811158798282 0.7701001430615165 0.6849785407725322 0.7746781115879829 0.5493562231759657 0.7483547925608012 0.5321888412017167 0.734620886981402 0.5236051502145922 0.6430615164520743 0.5167381974248927 0.5824034334763948 0.5261802575107296 0.5778254649499284
1 0.07639484978540773 0.5743919885550787 0.08240343347639484 0.6350500715307582 0.039484978540772514 0.6876967095851215 0.007725321888412026 0.6854077253218884 0.016309012875536495 0.7140200286123033 0.0 0.8183977110157368 0.08326180257510728 0.9486409155937053 0.10042918454935622 0.9589413447782548 0.15622317596566526 0.9154506437768241 0.1605150214592275 0.8341917024320459 0.1991416309012876 0.7380543633762517 0.1467811158798283 0.644206008583691 0.11158798283261805 0.5629470672389127 0.11158798283261805 0.5114449213161659 0.0815450643776824 0.5640915593705293
1 0.14163090128755365 0.5377682403433476 0.13905579399141632 0.5858369098712446 0.16137339055793992 0.6247496423462089 0.1905579399141631 0.6670958512160229 0.20257510729613737 0.6636623748211731 0.22832618025751075 0.6224606580829757 0.2592274678111588 0.5743919885550787 0.288412017167382 0.5171673819742488 0.3253218884120172 0.5766809728183119 0.3493562231759656 0.6384835479256079 0.3682403433476395 0.7105865522174536 0.32703862660944205 0.7540772532188842 0.31931330472103003 0.8147353361945637 0.24892703862660945 0.8399141630901289 0.21974248927038625 0.7643776824034335 0.19570815450643775 0.7334763948497854 0.1347639484978541 0.6201716738197425 0.11330472103004294 0.5526466380543633 0.11502145922746783 0.5228898426323318 0.13047210300429182 0.5263233190271817
8 0.5957081545064378 0.7185979971387698 0.6866952789699571 0.7300429184549357 0.6832618025751073 0.7437768240343349 0.6643776824034335 0.7540772532188842 0.6034334763948498 0.740343347639485 0.5793991416309012 0.7174535050071531
6 0.7845493562231759 0.6121602288984263 0.8077253218884121 0.6636623748211731 0.7991416309012875 0.7701001430615165 0.7321888412017168 0.9028612303290415 0.6832618025751073 0.992131616595136 0.6548381361128145 0.9973333333333333 0.6377682403433477 0.9967095851216023 0.663519313304721 0.9566523605150214 0.7055793991416309 0.8422031473533621 0.7321888412017168 0.7689556509298998 0.7459227467811158 0.7701001430615165
6 0.5107296137339056 0.5949928469241774 0.5236051502145922 0.669384835479256 0.5304721030042918 0.728898426323319 0.5278969957081545 0.7689556509298998 0.49871244635193124 0.861659513590844 0.4592274678111588 0.944062947067239 0.4291845493562231 0.9566523605150214 0.41030042918454934 0.9360515021459228 0.40686695278969953 0.8799713876967097 0.40686695278969953 0.8444921316165952 0.4334763948497854 0.7907010014306152 0.4403433476394849 0.746065808297568 0.44721030042918447 0.6957081545064377 0.4454935622317596 0.6625178826895565 0.4678111587982833 0.6579399141630901 0.478969957081545 0.6247496423462089 0.4935622317596566 0.6007153075822603
6 0.26609442060085836 0.697997138769671 0.2686695278969958 0.7506437768240344 0.24721030042918457 0.8559370529327611 0.22060085836909873 0.909728183118741 0.2094420600858369 0.9371959942775394 0.21630901287553647 0.9383404864091559 0.21545064377682402 0.955507868383405 0.2214592274678112 0.9635193133047212 0.2334763948497854 0.9635193133047212 0.2592274678111588 0.9635193133047212 0.2729613733905579 0.9417739628040058 0.28326180257510725 0.8959942775393419 0.30214592274678115 0.8147353361945637 0.31330472103004287 0.7334763948497854 0.3399141630901287 0.6453505007153076 0.3072961373390558 0.6785407725321888
6 0.2935622317596567 0.49656652360515025 0.3399141630901287 0.5171673819742488 0.3613733905579398 0.5698140200286123 0.38197424892703863 0.6453505007153076 0.36480686695278963 0.6636623748211731 0.34678111587982835 0.6842632331902718 0.33218884120171677 0.7025751072961374 0.3236051502145923 0.689985693848355 0.34592274678111584 0.6419170243204577 0.3356223175965665 0.5778254649499284 0.3081545064377682 0.5354792560801145 0.28412017167381975 0.5114449213161659 0.28240343347639485 0.4874105865522174
6 0.3244635193133047 0.409585121602289 0.3356223175965665 0.45536480686695274 0.35536480686695276 0.4725321888412017 0.3802575107296137 0.4771101573676681 0.4137339055793991 0.4668097281831188 0.4060085836909871 0.4507868383404864 0.3708154506437768 0.45765379113018595 0.35793991416309007 0.44735336194563663 0.351931330472103 0.44163090128755367 0.3536480686695279 0.41530758226037195 0.34678111587982835 0.4084406294706724 0.3407725321888412 0.40271816881258937
2 0.09957081545064378 0.9600858369098713 0.15708154506437771 0.909728183118741 0.20686695278969958 0.9337625178826896 0.21201716738197424 0.9589413447782548 0.17602467811158798 0.9973333333333333 0.11931330472103005 0.9973333333333333
7 0.3587982832618026 0.4771101573676681 0.34420600858369094 0.5125894134477825 0.36223175965665233 0.5503576537911301 0.3845493562231759 0.6281831187410586 0.4274678111587982 0.6831187410586552 0.43862660944206006 0.6625178826895565 0.46351931330472096 0.6613733905579399 0.42231759656652357 0.5801144492131616 0.40772532188841193 0.5721030042918455 0.4291845493562231 0.49542203147353364 0.4060085836909871 0.47024320457796853 0.382832618025751 0.4771101573676681
7 0.5064377682403433 0.48168812589413446 0.48326180257510726 0.5240343347639486 0.4575107296137339 0.5286123032904149 0.45321888412017164 0.6018597997138769 0.46695278969957077 0.632761087267525 0.4935622317596566 0.5835479256080115 0.5218884120171673 0.5400572246065808 0.5141630901287554 0.488555078683834
7 0.5330472103004291 0.7506437768240344 0.5527896995708154 0.7506437768240344 0.5716738197424893 0.7655221745350501 0.5210300429184549 0.8742489270386267 0.5545064377682403 0.921173104434907 0.5948497854077254 0.9967095851216023 0.5236051502145922 0.9955650929899857 0.4660944206008584 0.944062947067239 0.5030042918454936 0.8593705293276108
7 0.615450643776824 0.8891273247496424 0.6360515021459227 0.8937052932761088 0.6532188841201717 0.8776824034334765 0.6721030042918454 0.8811158798283262 0.7124463519313304 0.8422031473533621 0.7785407725321888 0.8273247496423463 0.7536480686695279 0.9200286123032905 0.7012875536480686 0.9394849785407726 0.6523605150214592 0.955507868383405 0.6386266094420601 0.9967095851216023 0.6120171673819742 0.9944206008583693 0.5931330472103005 0.9177396280400573 0.5974248927038626 0.8982832618025751
7 0.3690987124463519 0.7185979971387698 0.36223175965665233 0.7964234620886982 0.359656652360515 0.9646638054363377 0.3081545064377682 0.9932761087267525 0.30300429184549355 0.9406294706723891 0.30386266094420605 0.8444921316165952 0.30300429184549355 0.8238912732474964 0.3227467811158798 0.811301859799714 0.32961373390557935 0.7506437768240344
7 0.19399141630901287 0.7483547925608012 0.16394849785407725 0.8216022889842632 0.1605150214592275 0.9085836909871245 0.19828326180257513 0.9257510729613734 0.2094420600858369 0.9246065808297569 0.2437768240343348 0.8696709585121603 0.23261802575107296 0.861659513590844 0.2317596566523605 0.853648068669528 0.24635193133047212 0.8387696709585122 0.2188841201716738 0.7575107296137339
7 0.28326180257510725 0.38783977110157364 0.296137339055794 0.3821173104434907 0.31931330472103003 0.40386266094420603 0.3407725321888412 0.46909871244635193 0.3510729613733905 0.47939914163090125 0.34592274678111584 0.5068669527896995 0.32703862660944205 0.5080114449213161 0.29270386266094417 0.4931330472103004 0.28240343347639485 0.4851216022889842 0.28326180257510725 0.4530758226037196 0.2763948497854077 0.40500715307582263
