5 0.6556122448979591 0.09542857142857143 0.604591836734694 0.12857142857142856 0.5892857142857143 0.14914285714285713 0.5977891156462586 0.18685714285714283 0.6743197278911565 0.20628571428571427 0.7032312925170068 0.196 0.7304421768707483 0.17085714285714285 0.7355442176870749 0.12742857142857142 0.6964285714285714 0.09428571428571429
5 0.35629251700680276 0.06571428571428573 0.3239795918367348 0.05885714285714286 0.2848639455782313 0.068 0.26955782312925164 0.08628571428571429 0.2508503401360544 0.12285714285714286 0.28146258503401356 0.1662857142857143 0.3409863945578231 0.1754285714285714 0.4005102040816326 0.18457142857142855 0.4362244897959183 0.17885714285714283 0.4379251700680273 0.12514285714285714 0.42602040816326536 0.09542857142857143 0.39200680272108845 0.06571428571428573
5 0.7423469387755103 0.09085714285714286 0.7865646258503401 0.09542857142857143 0.798469387755102 0.11028571428571429 0.8171768707482995 0.1297142857142857 0.8086734693877551 0.14 0.8069727891156463 0.1754285714285714 0.8052721088435374 0.19028571428571428 0.7678571428571429 0.19028571428571428 0.7253401360544218 0.18114285714285713 0.7389455782312925 0.12628571428571428 0.7066326530612246 0.10685714285714286
5 0.4889455782312925 0.13314285714285715 0.5042517006802721 0.14228571428571427 0.5178571428571429 0.172 0.5246598639455784 0.19942857142857143 0.517857142857143 0.2177142857142857 0.471938775510204 0.20628571428571427 0.4430272108843538 0.1857142857142857 0.4362244897959185 0.1537142857142857 0.473639455782313 0.124
1 0.5654761904761905 0.21657142857142855 0.6743197278911565 0.21885714285714283 0.6998299319727892 0.24514285714285713 0.7032312925170068 0.27942857142857147 0.6386054421768707 0.3228571428571429 0.6284013605442178 0.3285714285714286 0.6369047619047619 0.3868571428571429 0.6845238095238095 0.444 0.6335034013605443 0.45771428571428574 0.5467687074829932 0.468 0.48384353741496594 0.46571428571428575 0.46853741496598644 0.3251428571428572 0.4243197278911564 0.28057142857142864 0.4430272108843538 0.2554285714285714
1 0.2916666666666667 0.18914285714285714 0.29506802721088443 0.17428571428571427 0.375 0.18457142857142855 0.3954081632653062 0.204 0.44812925170068024 0.22457142857142856 0.47534013605442177 0.24742857142857141 0.4243197278911564 0.27371428571428574 0.44132653061224486 0.2897142857142857 0.46683673469387765 0.3537142857142857 0.47534013605442177 0.4611428571428572 0.4583333333333333 0.5182857142857143 0.22874149659863954 0.516 0.24574829931972783 0.4588571428571429 0.2491496598639456 0.3982857142857143 0.22874149659863954 0.292 0.15221088435374158 0.25085714285714283 0.1386054421768707 0.2177142857142857 0.17091836734693883 0.19485714285714284 0.1743197278911564 0.18914285714285714 0.2372448979591837 0.17428571428571427 0.2831632653061225 0.16514285714285715
1 0.800170068027211 0.19028571428571428 0.8784013605442178 0.22914285714285715 0.9056122448979591 0.3148571428571429 0.6998299319727892 0.3262857142857143 0.6998299319727892 0.25085714285714283 0.6896258503401361 0.228 0.723639455782313 0.18 0.7644557823129252 0.19485714285714284
4 0.49064625850340143 0.468 0.5637755102040817 0.47028571428571425 0.6437074829931972 0.4542857142857143 0.7032312925170068 0.4508571428571429 0.7729591836734694 0.6051428571428571 0.8307823129251701 0.6337142857142858 0.8290816326530613 0.66 0.8494897959183673 0.6725714285714286 0.8579931972789115 0.684 0.8715986394557822 0.7091428571428571 0.9872448979591837 0.7491428571428571 0.995748299319728 0.8154285714285714 0.9328231292517005 0.8451428571428571 0.8971088435374148 0.8348571428571429 0.8715986394557822 0.8451428571428571 0.8630952380952382 0.8565714285714285 0.8137755102040816 0.8634285714285714 0.8154761904761907 0.8668571428571429 0.7627551020408163 0.8554285714285714 0.723639455782313 0.8725714285714286 0.6879251700680273 0.8885714285714286 0.6215986394557824 0.8897142857142858 0.5994897959183674 0.9011428571428571 0.5620748299319729 0.8862857142857143 0.5110544217687075 0.8725714285714286 0.397108843537415 0.8725714285714286 0.3409863945578231 0.8394285714285714 0.35799319727891155 0.7948571428571429 0.3681972789115647 0.6931428571428571 0.39030612244897966 0.676 0.4209183673469388 0.7445714285714286 0.44132653061224486 0.7045714285714285 0.4855442176870749 0.684 0.5008503401360545 0.6634285714285715 0.5008503401360545 0.6337142857142858 0.4600340136054421 0.5422857142857144 0.451530612244898 0.5217142857142858 0.4583333333333333 0.5182857142857143
2 0.23044217687074836 0.5171428571428571 0.4600340136054421 0.5217142857142858 0.4651360544217687 0.5422857142857144 0.5042517006802721 0.6382857142857143 0.49574829931972786 0.6725714285714286 0.4583333333333333 0.7011428571428571 0.41921768707483004 0.7457142857142858 0.39200680272108845 0.6725714285714286 0.38010204081632654 0.6805714285714286 0.36649659863945583 0.6931428571428571 0.3596938775510205 0.7845714285714286 0.3477891156462586 0.7948571428571429 0.34268707482993205 0.8451428571428571 0.33078231292517013 0.8554285714285714 0.2117346938775511 0.812 0.30867346938775514 0.7137142857142857 0.3324829931972789 0.6622857142857144 0.3052721088435374 0.6245714285714286
3 0.201530612244898 0.8177142857142857 0.18282312925170072 0.8611428571428571 0.21343537414965988 0.8645714285714285 0.23214285714285715 0.8645714285714285 0.35459183673469397 0.9148571428571429 0.39880952380952384 0.9011428571428571 0.34608843537414963 0.8668571428571429
3 0.4498299319727892 0.8897142857142858 0.4379251700680273 0.9491428571428571 0.4532312925170068 0.9697142857142858 0.5178571428571429 0.9685714285714285 0.6743197278911565 0.9857142857142858 0.6794217687074829 0.9674285714285714 0.6147959183673469 0.9445714285714285 0.5314625850340136 0.892
3 0.9413265306122449 0.9491428571428571 0.9838435374149661 0.9297142857142858 0.9821428571428573 0.8771428571428571 0.9413265306122449 0.8531428571428571 0.9583333333333335 0.9194285714285715 0.9294217687074829 0.9377142857142858
7 0.9209183673469387 0.8417142857142857 0.9464285714285716 0.8657142857142858 0.9464285714285716 0.9205714285714286 0.9345238095238096 0.9331428571428572 0.876700680272109 0.8462857142857143 0.9039115646258503 0.8405714285714285
