5 0.3793991416309012 0.3763948497854077 0.3510729613733905 0.34663805436337625 0.34849785407725326 0.28941344778254646 0.36566523605150214 0.22875536480686692 0.382832618025751 0.18755364806866953 0.41802575107296136 0.1680972818311874 0.4592274678111588 0.1646638054363376 0.48068669527896996 0.1898426323319027 0.49871244635193124 0.22989985693848353 0.4858369098712446 0.2951359084406295 0.486695278969957 0.3180257510729613 0.47296137339055794 0.3306151645207439 0.4686695278969956 0.3695278969957081 0.42832618025751074 0.36494992846924174 0.40858369098712444 0.34892703862660945
5 0.21802575107296135 0.22875536480686692 0.21545064377682402 0.27911301859799714 0.2351931330472103 0.32489270386266095 0.25236051502145923 0.3683834048640915 0.26781115879828327 0.3832618025751073 0.30042918454935624 0.3729613733905579 0.3227467811158798 0.33290414878397706 0.32875536480686696 0.3100143061516452 0.3373390557939914 0.28025751072961375 0.3399141630901287 0.25278969957081543 0.3373390557939914 0.21616595135908442 0.3184549356223175 0.1932761087267525 0.30128755364806864 0.169241773962804 0.2532188841201717 0.16351931330472103
5 0.5536480686695279 0.36723891273247494 0.590557939914163 0.34892703862660945 0.6223175965665235 0.35007153075822606 0.6360515021459227 0.39241773962804005 0.6223175965665235 0.44620886981402 0.6094420600858368 0.4668097281831188 0.5725321888412017 0.47138769670958514 0.5321888412017167 0.46909871244635193 0.5244635193133047 0.45650929899856935 0.5253218884120172 0.4187410586552217 0.5364806866952789 0.4072961373390558 0.5373390557939914 0.3821173104434907
5 0.7047210300429184 0.37525035765379117 0.6660944206008583 0.3855507868383405 0.6618025751072961 0.41301859799713875 0.6549356223175965 0.451931330472103 0.6497854077253219 0.47939914163090125 0.6557939914163089 0.5148783977110157 0.6695278969957081 0.519456366237482 0.7407725321888412 0.5114449213161659 0.7725321888412017 0.5137339055793991 0.7751072961373391 0.4347639484978541 0.7708154506437768 0.39127324749642345 0.7536480686695279 0.37410586552217456
5 0.8223175965665237 0.23562231759656652 0.7742489270386266 0.2573676680972818 0.7570815450643776 0.30085836909871244 0.7536480686695279 0.34320457796852644 0.7553648068669528 0.37410586552217456 0.7742489270386266 0.40615164520743924 0.7776824034334764 0.4530758226037196 0.8343347639484978 0.43133047210300424 0.8738197424892703 0.40042918454935617 0.8935622317596567 0.33633762517882687 0.8952789699570814 0.2619456366237482 0.8609442060085837 0.23676680972818312
5 0.998 0.1726752503576538 0.9742489270386265 0.15436337625178825 0.9433476394849786 0.15665236051502146 0.9330472103004293 0.17038626609442056 0.9201716738197424 0.2150214592274678 0.9158798283261801 0.22532188841201714 0.9167381974248926 0.2379113018597997 0.9150214592274678 0.2619456366237482 0.9227467811158797 0.2825464949928469 0.9287553648068669 0.3111587982832618 0.9373390557939912 0.3317596566523605 0.9502145922746781 0.32603719599427755 0.9759656652360515 0.29856938483547923 0.998 0.2887763471626132 0.998 0.17954220314735334
5 0.10128755364806867 0.10858369098712446 0.09785407725321889 0.08798283261802574 0.06351931330472106 0.07081545064377683 0.04120171673819746 0.07997138769670958 0.034334763948497854 0.1234620886981402 0.04549356223175968 0.16008583690987124 0.06008583690987123 0.18869814020028614 0.0901287553648069 0.20243204577968527 0.10128755364806867 0.16237482117310442
5 0.007725321888412026 0.09370529327610873 0.03175965665236052 0.11430615164520742 0.04034334763948496 0.18869814020028614 0.0 0.19508013869692778 0.0 0.0971387696709585
5 0.5879828326180256 0.17610872675250358 0.6025751072961373 0.14062947067238912 0.5974248927038626 0.09027181688125893 0.5785407725321888 0.07081545064377683 0.5527896995708154 0.07997138769670958 0.5253218884120172 0.08226037195994278 0.5167381974248927 0.13490701001430613 0.5502145922746782 0.217310443490701 0.5622317596566524 0.1944206008583691
5 0.7047210300429184 0.20243204577968527 0.7236051502145922 0.20357653791130187 0.7321888412017168 0.24363376251788266 0.721030042918455 0.265379113018598 0.7038626609442059 0.2642346208869814 0.6944206008583691 0.2379113018597997 0.696137339055794 0.211587982832618
5 0.8120171673819742 0.17725321888412016 0.8042918454935621 0.15550786838340486 0.7733905579399142 0.1669527896995708 0.7690987124463519 0.217310443490701 0.7836909871244635 0.22532188841201714 0.7991416309012875 0.20357653791130187
5 0.8360515021459227 0.15321888412017168 0.8497854077253219 0.1452074391988555 0.8721030042918455 0.15436337625178825 0.8729613733905578 0.17725321888412016 0.8618025751072962 0.20128755364806866 0.8437768240343348 0.2104434907010014 0.8291845493562232 0.1932761087267525 0.8274678111587982 0.15436337625178825
5 0.6841201716738198 0.265379113018598 0.6858369098712447 0.22417739628040056 0.6703862660944205 0.20128755364806866 0.6523605150214592 0.21273247496423459 0.6300429184549357 0.2505007153075823 0.6334763948497854 0.2722460658082975 0.6592274678111588 0.2825464949928469
5 0.21974248927038625 0.2138769670958512 0.2188841201716738 0.19670958512160228 0.20171673819742492 0.1944206008583691 0.19570815450643775 0.21273247496423459 0.19828326180257513 0.2379113018597997 0.1948497854077253 0.2585121602288984 0.20600858369098712 0.26766809728183116 0.21630901287553647 0.24592274678111584
5 0.11416309012875539 0.1715307582260372 0.1347639484978541 0.1646638054363376 0.14849785407725322 0.17954220314735334 0.14849785407725322 0.20357653791130187 0.14420600858369098 0.20929899856938483 0.11845493562231761 0.19556509298998567
1 0.3613733905579398 0.3844062947067239 0.41115879828326174 0.4347639484978541 0.42660944206008583 0.4851216022889842 0.4343347639484979 0.4862660944206008 0.430901287553648 0.44163090128755367 0.4454935622317596 0.42446351931330467 0.45493562231759654 0.3729613733905579 0.496137339055794 0.3763948497854077 0.505579399141631 0.45765379113018595 0.5098712446351931 0.4874105865522174 0.49871244635193124 0.5343347639484979 0.49785407725321884 0.5972818311874105 0.5493562231759657 0.8158798283261803 0.4437768240343347 0.8410586552217454 0.36223175965665233 0.8444921316165952 0.32961373390557935 0.8261802575107297 0.3416309012875536 0.7300429184549357 0.3536480686695279 0.6545064377682404 0.34506437768240344 0.6133047210300429 0.3587982832618026 0.5297567954220315 0.34678111587982835 0.47138769670958514 0.33218884120171677 0.4267525035765379 0.31759656652360513 0.3958512160228898
1 0.2051502145922747 0.4210300429184549 0.22403433476394852 0.43705293276108725 0.24206008583690986 0.4748211731044349 0.2875536480686695 0.49656652360515025 0.2978540772532189 0.48969957081545057 0.30386266094420605 0.542346208869814 0.31759656652360513 0.5949928469241774 0.33133047210300426 0.6178826895565093 0.3424892703862661 0.6190271816881259 0.3536480686695279 0.6590844062947067 0.3416309012875536 0.732331902718169 0.33047210300429186 0.825035765379113 0.32875536480686696 0.9108726752503578 0.33956294706723883 0.9973333333333333 0.13905579399141632 0.9973333333333333 0.15364806866952793 0.957796852646638 0.18969957081545064 0.9795422031473534 0.1965665236051502 0.9646638054363377 0.19828326180257513 0.9005722460658083 0.1828326180257511 0.8410586552217454 0.17854077253218886 0.7746781115879829 0.18369098712446352 0.6590844062947067 0.1965665236051502 0.6224606580829757 0.16995708154506436 0.6155937052932761 0.13991416309012877 0.609871244635193 0.14163090128755365 0.5743919885550787 0.13905579399141632 0.5240343347639486 0.1587982832618026 0.47138769670958514 0.16995708154506436 0.43934191702432046
1 0.559656652360515 0.19785407725321885 0.5931330472103005 0.17610872675250358 0.6051502145922747 0.20014306151645206 0.6309012875536479 0.28826895565092986 0.6266094420600858 0.34663805436337625 0.5965665236051503 0.3454935622317597 0.5587982832618026 0.3592274678111588 0.5253218884120172 0.34320457796852644 0.49957081545064375 0.34091559370529323 0.5261802575107296 0.29971387696709584 0.534763948497854 0.259656652360515 0.5459227467811159 0.23218884120171673 0.5493562231759657 0.217310443490701
1 0.8618025751072962 0.44620886981402 0.8446351931330471 0.47138769670958514 0.7914163090128754 0.47024320457796853 0.8 0.5103004291845493 0.7682403433476394 0.5400572246065808 0.7536480686695279 0.5469241773962804 0.7751072961373391 0.5721030042918455 0.7639484978540773 0.6876967095851215 0.7613733905579398 0.7060085836909872 0.8094420600858369 0.7185979971387698 0.8223175965665237 0.644206008583691 0.8532188841201717 0.6453505007153076 0.9115879828326181 0.669384835479256 0.8506437768240344 0.7907010014306152 0.8248927038626609 0.8010014306151646 0.7991416309012875 0.8101573676680973 0.8034334763948497 0.8490701001430616 0.8987124463519313 0.8570815450643777 0.8969957081545065 0.8238912732474964 0.9055793991416308 0.794134477825465 0.9107296137339056 0.6888412017167382 0.9416309012875536 0.5881258941344778 0.9253218884120172 0.5228898426323318 0.8952789699570814 0.46452074391988557
1 0.534763948497854 0.4725321888412017 0.5836909871244635 0.47024320457796853 0.6145922746781116 0.47138769670958514 0.6137339055793991 0.49542203147353364 0.6171673819742489 0.5320457796852647 0.6025751072961373 0.5846924177396281 0.590557939914163 0.6373390557939914 0.6 0.6613733905579399 0.5957081545064378 0.7002861230329042 0.5871244635193132 0.7643776824034335 0.5931330472103005 0.7975679542203147 0.5879828326180256 0.8067238912732475 0.5296137339055793 0.7689556509298998 0.4901287553648068 0.7117310443490701 0.4506437768240343 0.6579399141630901 0.4592274678111588 0.632761087267525 0.4884120171673819 0.6030042918454935 0.49785407725321884 0.5766809728183119 0.4944206008583691 0.5309012875536481 0.5133047210300429 0.48969957081545057 0.534763948497854 0.4862660944206008
1 0.09871244635193134 0.17954220314735334 0.12188841201716738 0.20701001430615162 0.1553648068669528 0.2310443490701001 0.17854077253218886 0.42446351931330467 0.14420600858369098 0.5 0.11158798283261805 0.5320457796852647 0.10042918454935622 0.47825464949928465 0.11416309012875539 0.3969957081545064 0.11416309012875539 0.31230329041487837 0.088412017167382 0.2619456366237482 0.05579399141630901 0.23333333333333334 0.03776824034334766 0.19098712446351931 0.05579399141630901 0.2150214592274678 0.08240343347639484 0.19899856938483546 0.0901287553648069 0.20357653791130187
1 0.0008583690987124441 0.20243204577968527 0.036051502145922766 0.1932761087267525 0.058369098712446346 0.24020028612303287 0.0901287553648069 0.271101573676681 0.11931330472103005 0.3157367668097282 0.10901287553648072 0.4084406294706724 0.10901287553648072 0.47138769670958514 0.096137339055794 0.49542203147353364 0.07038626609442061 0.5 0.0 0.4977110157367668
1 0.6935622317596566 0.26995708154506437 0.678969957081545 0.2836909871244635 0.67725321888412 0.33404864091559366 0.7227467811158798 0.34892703862660945 0.728755364806867 0.31917024320457793 0.7476394849785407 0.34206008583690983 0.7467811158798282 0.32145922746781114 0.7356223175965665 0.2722460658082975 0.728755364806867 0.271101573676681 0.7193133047210301 0.29856938483547923 0.7150214592274677 0.30200286123032904
1 0.869527896995708 0.20243204577968527 0.8918454935622318 0.22761087267525035 0.9012875536480686 0.2585121602288984 0.8489270386266093 0.23218884120171673 0.8291845493562232 0.22532188841201714 0.840343347639485 0.2150214592274678 0.8515021459227466 0.2184549356223176
1 0.18197424892703865 0.2505007153075823 0.15965665236051504 0.25622317596566524 0.17167381974248927 0.3603719599427754 0.1871244635193133 0.35121602288984266 0.22060085836909873 0.3866952789699571 0.23776824034334762 0.3443490701001431 0.21716738197424892 0.27911301859799714
1 0.663519313304721 0.5263233190271817 0.6317596566523604 0.5274678111587983 0.6068669527896996 0.5949928469241774 0.6351931330472103 0.6144492131616596 0.663519313304721 0.6522174535050071 0.6901287553648068 0.6888412017167382 0.7321888412017168 0.6842632331902718 0.7330472103004291 0.6430615164520743 0.7699570815450643 0.6361945636623748 0.7759656652360515 0.5743919885550787 0.7459227467811158 0.5331902718168813 0.7364806866952789 0.5343347639484979 0.7038626609442059 0.6384835479256079 0.6927038626609442 0.6007153075822603 0.6755364806866953 0.536623748211731
1 0.9802575107296136 0.307725321888412 0.9484978540772532 0.3271816881258941 0.9304721030042917 0.33290414878397706 0.903862660944206 0.37410586552217456 0.9021459227467811 0.4633762517882689 0.9356223175965666 0.5766809728183119 0.9133047210300429 0.6854077253218884 0.9012875536480686 0.8135908440629471 0.9502145922746781 0.8170243204577968 0.998 0.8049703437342923 0.998 0.29742489270386263
2 0.3330472103004291 0.8273247496423463 0.36566523605150214 0.8479256080114449 0.4446351931330472 0.8422031473533621 0.5459227467811159 0.8204577968526467 0.5347967049702339 0.9973333333333333 0.34420600858369094 0.9973333333333333 0.32789699570815445 0.9120171673819742
2 0.8952789699570814 0.867381974248927 0.9012875536480686 0.9967095851216023 0.6643776824034335 0.9932761087267525 0.6583690987124463 0.9040057224606581 0.6686695278969956 0.853648068669528 0.728755364806867 0.8319027181688127 0.8077253218884121 0.8502145922746781 0.863519313304721 0.867381974248927
2 0.9004291845493563 0.8181688125894135 0.9055793991416308 0.9944206008583693 0.9545064377682404 0.9967095851216023 0.9579399141630902 0.9291845493562232 0.9622317596566522 0.9165951359084407 0.9707604424832255 0.9973333333333333 0.998 0.9973333333333333 0.998 0.8078683834048641 0.9519313304721029 0.8204577968526467
2 0.0008583690987124441 0.5022889842632332 0.06266094420600857 0.5045779685264664 0.09785407725321889 0.4977110157367668 0.11673819742489272 0.5400572246065808 0.12532188841201716 0.6258941344778255 0.1347639484978541 0.8822603719599429 0.11845493562231761 0.9589413447782548 0.06695278969957084 0.9669527896995709 0.04892703862660946 0.955507868383405 0.03776824034334766 0.8925608011444921 0.013733905579399163 0.9120171673819742 0.016309012875536495 0.9944206008583693 0.0 0.996093320127655
3 0.672961373390558 0.9589413447782548 0.7115879828326179 0.9646638054363377 0.7201716738197425 0.9967095851216023 0.67725321888412 0.9955650929899857 0.6678111587982832 0.9909871244635193
3 0.7742489270386266 0.957796852646638 0.8 0.9532188841201717 0.8145922746781116 0.9829756795422031 0.8154506437768239 0.9932761087267525 0.7656652360515022 0.9955650929899857 0.75793991416309 0.9909871244635193 0.7630901287553647 0.9726752503576539
3 0.022317596566523604 0.9543633762517882 0.049785407725321904 0.9543633762517882 0.06866952789699574 0.969241773962804 0.10557939914163089 0.969241773962804 0.10323843586075346 0.9973333333333333 0.04120171673819746 0.9973333333333333 0.020600858369098717 0.9795422031473534
6 0.830901287553648 0.6499284692417739 0.8798283261802574 0.6579399141630901 0.9055793991416308 0.6739628040057225 0.8480686695278968 0.7952789699570816 0.8008583690987124 0.8158798283261803 0.790557939914163 0.7529327610872676 0.8154506437768239 0.7277539341917025
6 0.6600858369098712 0.6533619456366238 0.6763948497854076 0.6613733905579399 0.6866952789699571 0.6945636623748213 0.7218884120171672 0.6888412017167382 0.734763948497854 0.6476394849785407 0.7622317596566524 0.6453505007153076 0.7656652360515022 0.6785407725321888 0.7570815450643776 0.7048640915593706 0.7330472103004291 0.7151645207439199 0.6832618025751073 0.7300429184549357 0.6566523605150214 0.7140200286123033 0.6343347639484977 0.6911301859799714 0.6360515021459227 0.6716738197424892 0.6472103004291845 0.6533619456366238 0.6575107296137338 0.6705293276108726 0.6669527896995707 0.6682403433476395
6 0.6351931330472103 0.6064377682403433 0.6326180257510728 0.6167381974248927 0.6575107296137338 0.596137339055794 0.6721030042918454 0.5698140200286123 0.6746781115879829 0.5354792560801145 0.6995708154506437 0.5228898426323318 0.7038626609442059 0.5309012875536481 0.7098712446351931 0.5434907010014306 0.7141630901287553 0.55379113018598 0.7038626609442059 0.5583690987124463 0.702145922746781 0.5721030042918455 0.6987124463519312 0.5846924177396281 0.6901287553648068 0.6018597997138769 0.6600858369098712 0.6545064377682404 0.648068669527897 0.6567954220314736 0.6351931330472103 0.6682403433476395 0.6351931330472103 0.6796852646638054 0.6180257510729614 0.6785407725321888 0.607725321888412 0.6430615164520743 0.6060085836909871 0.5972818311874105
6 0.3184549356223175 0.40271816881258937 0.3330472103004291 0.4336194563662375 0.3545064377682403 0.4862660944206008 0.351931330472103 0.5125894134477825 0.359656652360515 0.5354792560801145 0.45407725321888404 0.4759656652360515 0.4746781115879828 0.43247496423462084 0.4755364806866952 0.3947067238912732 0.48068669527896996 0.39241773962804005 0.4892703862660944 0.409585121602289 0.5004291845493561 0.3763948497854077 0.5030042918454936 0.361516452074392 0.5167381974248927 0.3546494992846924 0.5210300429184549 0.36266094420600853 0.5124463519313305 0.38783977110157364 0.511587982832618 0.4072961373390558 0.5090128755364807 0.4256080114449213 0.5021459227467812 0.4622317596566523 0.486695278969957 0.4919885550786838 0.4515021459227468 0.5217453505007152 0.3613733905579398 0.6030042918454935 0.32875536480686696 0.6201716738197425 0.31330472103004287 0.5824034334763948 0.30386266094420605 0.5137339055793991 0.29957081545064373 0.45536480686695274 0.30386266094420605 0.40157367668097277
6 0.13905579399141632 0.6041487839771101 0.16652360515021458 0.6247496423462089 0.19570815450643775 0.6201716738197425 0.17939914163090132 0.6705293276108726 0.1828326180257511 0.7586552217453506 0.17854077253218886 0.8422031473533621 0.1888412017167382 0.8959942775393419 0.19399141630901287 0.952074391988555 0.1948497854077253 0.9772532188841202 0.1871244635193133 0.9852646638054363 0.18197424892703865 0.955507868383405 0.1725321888412017 0.9715307582260372 0.16223175965665237 0.9669527896995709 0.15708154506437771 0.9532188841201717 0.1553648068669528 0.9383404864091559 0.15278969957081542 0.944062947067239 0.1467811158798283 0.9394849785407726 0.14506437768240343 0.9108726752503578 0.15364806866952793 0.8891273247496424 0.14763948497854076 0.8067238912732475 0.13390557939914166 0.6957081545064377
6 0.5133047210300429 0.39241773962804005 0.5313304721030042 0.41301859799713875 0.5244635193133047 0.43819742489270386 0.534763948497854 0.48283261802575106 0.511587982832618 0.48283261802575106 0.5030042918454936 0.45650929899856935 0.5107296137339056 0.4187410586552217 0.5124463519313305 0.4072961373390558
4 0.6128755364806866 0.6831187410586552 0.6394849785407726 0.6957081545064377 0.6824034334763949 0.7391988555078685 0.728755364806867 0.7174535050071531 0.7562231759656651 0.7071530758226037 0.7974248927038626 0.7300429184549357 0.7785407725321888 0.7701001430615165 0.7364806866952789 0.7895565092989987 0.6549356223175965 0.8261802575107297 0.6171673819742489 0.8319027181688127 0.5948497854077254 0.8261802575107297 0.5871244635193132 0.8124463519313305 0.5896995708154505 0.8032904148783978 0.5871244635193132 0.7643776824034335 0.6 0.7048640915593706
