5 0.17832167832167833 0.2668571428571429 0.22494172494172493 0.26571428571428574 0.2715617715617716 0.3068571428571429 0.25557775557775564 0.35714285714285715 0.2116217116217116 0.3765714285714286 0.18231768231768233 0.3742857142857143 0.17832167832167833 0.32171428571428573
5 0.7777222777222778 0.3537142857142857 0.7297702297702298 0.396 0.7417582417582418 0.4485714285714286 0.7577422577422578 0.45657142857142863 0.7750582750582752 0.47485714285714287 0.8056943056943058 0.45542857142857146 0.8310023310023311 0.44971428571428573 0.8456543456543456 0.4074285714285714 0.8296703296703296 0.37542857142857144 0.8083583083583084 0.356
5 0.38877788877788877 0.2588571428571429 0.39676989676989677 0.30114285714285716 0.37945387945387943 0.3205714285714286 0.3621378621378622 0.3137142857142857
5 0.6671661671661672 0.2691428571428572 0.6738261738261738 0.2565714285714286 0.6938061938061939 0.2611428571428572 0.7017982017982017 0.2897142857142857 0.6978021978021979 0.3057142857142857 0.6804861804861805 0.3102857142857143 0.6698301698301699 0.3102857142857143 0.6738261738261738 0.2885714285714286
1 0.21828171828171833 0.36742857142857144 0.15034965034965034 0.40171428571428575 0.12237762237762238 0.4085714285714286 0.08508158508158509 0.3925714285714286 0.06776556776556779 0.4028571428571429 0.04645354645354649 0.4485714285714286 0.07442557442557446 0.47028571428571425 0.14768564768564776 0.468 0.15301365301365308 0.5262857142857144 0.15967365967365968 0.5777142857142857 0.2116217116217116 0.6051428571428571 0.30086580086580084 0.5948571428571429 0.35148185148185146 0.5491428571428572 0.33150183150183155 0.4428571428571429 0.3634698634698635 0.4097142857142857 0.32617382617382623 0.372 0.2768897768897769 0.36514285714285716 0.23293373293373298 0.3605714285714286
6 0.08508158508158509 0.3845714285714286 0.12504162504162503 0.3411428571428572 0.13836163836163837 0.3308571428571429 0.15567765567765565 0.35828571428571426 0.11838161838161843 0.3925714285714286
1 0.6125541125541125 0.3308571428571429 0.5805860805860805 0.3411428571428572 0.5566100566100566 0.33542857142857146 0.5286380286380287 0.356 0.573926073926074 0.3925714285714286 0.577922077922078 0.468 0.6005661005661006 0.468 0.6471861471861472 0.4337142857142857 0.6831501831501832 0.388 0.6458541458541458 0.3457142857142857
1 0.7510822510822511 0.452 0.6618381618381619 0.452 0.6991341991341992 0.4177142857142857 0.6671661671661672 0.412 0.5885780885780886 0.4817142857142857 0.5832500832500833 0.4988571428571429 0.6072261072261073 0.5102857142857142 0.6751581751581752 0.5182857142857143 0.6858141858141859 0.5834285714285714 0.6578421578421578 0.6691428571428572 0.6884781884781885 0.708 0.7977022977022977 0.7308571428571429 0.8483183483183482 0.7091428571428571 0.8576423576423575 0.5137142857142858 0.9242424242424244 0.5537142857142858 0.9588744588744588 0.5537142857142858 0.9388944388944389 0.4977142857142857 0.906926406926407 0.4588571428571429 0.898934398934399 0.4428571428571429 0.8669663669663669 0.45771428571428574 0.8722943722943723 0.476 0.8150183150183151 0.45771428571428574 0.7897102897102897 0.48514285714285715 0.7737262737262737 0.5011428571428571 0.7644022644022643 0.4794285714285714
1 0.7004662004662005 0.2965714285714286 0.7284382284382285 0.30342857142857144 0.7564102564102565 0.36514285714285716 0.7404262404262405 0.3742857142857143 0.715118215118215 0.34342857142857147 0.6871461871461871 0.3308571428571429 0.6711621711621713 0.32171428571428573 0.6884781884781885 0.31942857142857145 0.6964701964701965 0.3125714285714286
6 0.6858141858141859 0.332 0.7017982017982017 0.332 0.7191142191142191 0.348 0.7404262404262405 0.3685714285714286 0.7204462204462204 0.3697142857142857 0.6964701964701965 0.35485714285714287 0.6844821844821846 0.34914285714285714
1 0.31951381951381946 0.30342857142857144 0.2848817848817849 0.316 0.2848817848817849 0.3605714285714286 0.3208458208458209 0.372 0.3687978687978688 0.41085714285714287 0.3541458541458542 0.43142857142857144 0.4327339327339328 0.4188571428571429 0.4367299367299368 0.35485714285714287 0.4700299700299701 0.36514285714285716 0.486013986013986 0.356 0.44738594738594745 0.308 0.42474192474192474 0.3068571428571429 0.3954378954378955 0.30228571428571427 0.3861138861138862 0.32171428571428573 0.35814185814185817 0.316
2 0.34082584082584083 0.4257142857142857 0.3275058275058275 0.4508571428571429 0.35148185148185146 0.5514285714285715 0.3741258741258741 0.5742857142857143 0.3927738927738928 0.572 0.39676989676989677 0.5411428571428571 0.39676989676989677 0.5994285714285714 0.42873792873792876 0.6028571428571429 0.4274059274059275 0.548 0.4460539460539461 0.48514285714285715 0.42873792873792876 0.41314285714285715 0.3954378954378955 0.42914285714285716
2 0.168997668997669 0.604 0.15034965034965034 0.6828571428571429 0.15967365967365968 0.7937142857142858 0.23426573426573427 0.7777142857142858 0.23160173160173167 0.7422857142857143 0.2422577422577423 0.732 0.2542457542457542 0.7034285714285714 0.3155178155178156 0.6394285714285715 0.33416583416583423 0.5765714285714285 0.2955377955377955 0.5982857142857143 0.21295371295371304 0.604
2 0.11571761571761571 0.5582857142857144 0.0890775890775891 0.5914285714285714 0.0890775890775891 0.6142857142857143 0.10639360639360639 0.6325714285714286 0.11438561438561441 0.6714285714285715 0.14635364635364634 0.6542857142857144 0.14768564768564776 0.62 0.15967365967365968 0.6108571428571429 0.165001665001665 0.5708571428571428 0.14635364635364634 0.5651428571428571
2 0.6724941724941725 0.6988571428571428 0.6844821844821846 0.7411428571428571 0.7097902097902098 0.8462857142857143 0.7097902097902098 0.8794285714285714 0.7444222444222444 0.8817142857142858 0.7644022644022643 0.8714285714285714 0.7683982683982684 0.812 0.8256743256743257 0.7297142857142858 0.7590742590742592 0.7365714285714285
2 0.573926073926074 0.4988571428571429 0.573926073926074 0.5902857142857143 0.577922077922078 0.6028571428571429 0.6032301032301032 0.6028571428571429 0.605894105894106 0.5857142857142857 0.6312021312021312 0.5274285714285715 0.6458541458541458 0.5582857142857144 0.6431901431901432 0.5902857142857143 0.6631701631701632 0.5925714285714285 0.6764901764901765 0.5891428571428571 0.6831501831501832 0.5525714285714286 0.6724941724941725 0.5274285714285715 0.6165501165501166 0.516
3 0.35148185148185146 0.5902857142857143 0.37146187146187154 0.5902857142857143 0.3727938727938728 0.6325714285714286 0.36480186480186483 0.6462857142857144 0.3421578421578421 0.6565714285714286 0.34615384615384615 0.62
3 0.39676989676989677 0.6405714285714286 0.3807858807858809 0.6622857142857144 0.41541791541791545 0.6977142857142857 0.42873792873792876 0.6988571428571428 0.41541791541791545 0.6554285714285715 0.4007659007659008 0.652
3 0.5952380952380953 0.6645714285714286 0.5899100899100899 0.6737142857142858 0.5912420912420913 0.6828571428571429 0.6085581085581085 0.6942857142857143 0.6285381285381286 0.6954285714285714 0.6245421245421245 0.6725714285714286
3 0.6272061272061271 0.6462857142857144 0.6312021312021312 0.6668571428571429 0.6458541458541458 0.6782857142857144 0.6578421578421578 0.6714285714285715 0.6658341658341659 0.6462857142857144 0.6471861471861472 0.6554285714285715
3 0.2062937062937063 0.8737142857142858 0.18231768231768233 0.8828571428571429 0.1623376623376624 0.8874285714285715 0.15434565434565437 0.9034285714285715 0.22227772227772236 0.9274285714285715 0.26756576756576755 0.9285714285714286 0.2542457542457542 0.8988571428571429 0.21828171828171833 0.8988571428571429
3 0.14368964368964368 0.7274285714285714 0.10106560106560107 0.7377142857142858 0.09174159174159176 0.7468571428571429 0.14368964368964368 0.7537142857142858 0.15434565434565437 0.7537142857142858 0.14901764901764905 0.74
2 0.6964701964701965 0.42114285714285715 0.6764901764901765 0.4451428571428572 0.6844821844821846 0.4485714285714286 0.7417582417582418 0.4462857142857143 0.7257742257742259 0.4337142857142857 0.7244422244422244 0.42
