0 0.3593869731800767 0.015068336478526855 0.3226053639846743 0.03336764453594093 0.25593869731800767 0.023074283753645515 0.22835249042145597 0.0699662606507691 0.2482758620689655 0.09970263624406696 0.3118773946360154 0.08597815520100642 0.3739463601532567 0.13058271859095322 0.4337164750957855 0.21521701835649337 0.45517241379310347 0.21292960484931658 0.4620689655172414 0.17518728198090006 0.4505747126436782 0.12486418482301133 0.42911877394636017 0.13058271859095322 0.4091954022988506 0.10656487676559724 0.4145593869731801 0.08025962143306452 0.3931034482758621 0.028792817521587414
0 0.5249042145593869 0.036798764796706074 0.49885057471264366 0.04251729856464797 0.4858237547892721 0.07682850117229938 0.47049808429118783 0.11228341053353914 0.47586206896551725 0.1557442671698976 0.4842911877394636 0.16260650769142787 0.4957854406130269 0.17633098873448844 0.5118773946360153 0.12715159833018808 0.5777777777777777 0.10656487676559724 0.6160919540229884 0.12486418482301133 0.6298850574712643 0.17404357522731168 0.6498084291187739 0.14773831989477892 0.6452107279693486 0.11113970377995076 0.6268199233716475 0.0814033281866529 0.6329501915708812 0.055098072854120154 0.6099616858237548 0.03108023102876417 0.578544061302682 0.026505404014410656 0.563984674329502 0.024217990507233892
0 0.7402298850574712 0.12143306456224619 0.7164750957854406 0.18548064276319548 0.6950191570881226 0.19348659003831412 0.6812260536398468 0.2449533939497912 0.6781609195402298 0.2792645965574426 0.7003831417624521 0.3055698518899754 0.7402298850574712 0.223222965631612 0.7708812260536398 0.19348659003831412 0.849808429118774 0.19691771029907926 0.8911877394636015 0.21407331160290496 0.9049808429118774 0.2460971007033796 0.9126436781609195 0.3170069194258591 0.9157088122605365 0.33530622748327327 0.9517241379310345 0.30213873162921023 0.9678160919540231 0.2735460627895007 0.9494252873563218 0.23809115342826095 0.924904214559387 0.18433693600960707 0.8973180076628353 0.12829530508377648 0.871264367816092 0.11342711728712754 0.8513409961685824 0.09627151598330182 0.8406130268199233 0.0871218619545948 0.8275862068965517 0.10542117001200887 0.8191570881226053 0.09855892949047859 0.786206896551724 0.12943901183736484 0.7770114942528736 0.1431634928804254 0.760919540229885 0.1374449591124835 0.760919540229885 0.12486418482301133 0.7639846743295019 0.1145708240407159 0.7532567049808429 0.12143306456224619
5 0.3701149425287356 0.17633098873448844 0.36091954022988504 0.1397323726196603 0.31264367816091954 0.08826556870818317 0.25287356321839083 0.09855892949047859 0.22835249042145597 0.1397323726196603 0.2475095785440613 0.21407331160290496 0.2574712643678161 0.2815520100646194 0.2643678160919541 0.3147195059186824 0.28735632183908044 0.3536055355406873 0.3118773946360154 0.3581803625550409 0.34252873563218394 0.3536055355406873 0.35478927203065136 0.28841425058614967 0.37547892720306514 0.2792645965574426 0.3862068965517242 0.23237261966031902
5 0.5455938697318007 0.11800194430148105 0.5111111111111112 0.13287013209812998 0.5088122605363985 0.19119917653113735 0.5218390804597701 0.223222965631612 0.5425287356321838 0.2689712357751472 0.5724137931034483 0.27697718305026586 0.5969348659003831 0.23809115342826095 0.6122605363984673 0.18662434951678386 0.6122605363984673 0.11914565105506943 0.5770114942528735 0.10656487676559724
5 0.8 0.2014925373134328 0.7693486590038313 0.2346600331674958 0.7632183908045976 0.29070166409332643 0.767816091954023 0.34903070852633383 0.78544061302682 0.37533596385886653 0.810727969348659 0.37876708411963167 0.8459770114942529 0.35474924229427574 0.8681992337164751 0.30671355864356376 0.8727969348659004 0.24380968719620286 0.8666666666666666 0.2243666723852004 0.8490421455938697 0.20492365757419795
1 0.24367816091954023 0.2621089952536169 0.13256704980842912 0.2758334762966775 0.08888888888888889 0.2929890776005032 0.062068965517241385 0.36733001658374786 0.0574712643678161 0.42108423400240175 0.019157088122605366 0.4622576771315835 0.015325670498084292 0.5274489620861211 0.03218390804597701 0.599502487562189 0.04521072796934866 0.6189455023731916 0.07126436781609195 0.6200892091267799 0.08659003831417626 0.6555441184880196 0.06896551724137931 0.6932864413564362 0.06360153256704981 0.7367472979927947 0.08888888888888889 0.8053697032080973 0.1563218390804598 0.695573854863613 0.21379310344827587 0.6097958483444844 0.25593869731800767 0.5674786984617145 0.30727969348659007 0.6235203293875451 0.3501915708812261 0.7035798021387316 0.3739463601532567 0.737891004746383 0.45210727969348663 0.7676273803396808 0.4482758620689655 0.6978612683707898 0.42145593869731807 0.6669811860239034 0.42911877394636017 0.5217304283181793 0.40153256704980844 0.42337164750957856 0.35402298850574715 0.3536055355406873 0.3409961685823755 0.3536055355406873 0.3226053639846743 0.3844856178875736 0.3080459770114943 0.4153657002344599 0.27892720306513413 0.41765311374163666 0.26666666666666666 0.4039286326985761 0.2567049808429119 0.3684737233373363 0.2482758620689655 0.2987076113684451
1 0.49885057471264366 0.2746897695430891 0.5279693486590038 0.3696174300909246 0.557088122605364 0.4130782867272831 0.5846743295019158 0.4130782867272831 0.5938697318007663 0.34102476125121517 0.5908045977011495 0.31243209241150566 0.6168582375478927 0.3387373477440384 0.6352490421455939 0.3764796706124549 0.6191570881226054 0.4874192257105278 0.6053639846743295 0.5697661119688912 0.6130268199233716 0.653256704980843 0.5938697318007663 0.6726997197918454 0.5739463601532567 0.6669811860239034 0.5264367816091954 0.6749871332990222 0.4896551724137931 0.6887116143420827 0.4735632183908046 0.7001486818779665 0.4620689655172414 0.6658374792703151 0.46436781609195404 0.6361011036770172 0.42835249042145596 0.6441070509521359 0.42605363984674327 0.5217304283181793 0.40229885057471265 0.41765311374163666 0.37318007662835256 0.38562932464116206 0.3969348659003832 0.33073140046891975 0.4337164750957855 0.2815520100646194 0.4766283524904215 0.2632527020072053
1 0.6980842911877395 0.3844856178875736 0.6704980842911877 0.39249156516269235 0.6413793103448275 0.4622576771315835 0.6245210727969348 0.5057185337679418 0.6091954022988506 0.5446045633899468 0.6513409961685823 0.5491793904043004 0.6482758620689655 0.6269514496483102 0.6245210727969348 0.695573854863613 0.657471264367816 0.6326699834162521 0.7080459770114942 0.5411734431291817 0.7195402298850574 0.514868187796649 0.8681992337164751 0.6452507577057243 0.8988505747126437 0.6818493738205524 0.8704980842911878 0.7527591925430319 0.8911877394636015 0.780208154629153 0.888888888888889 0.8168067707439811 0.888888888888889 0.8625550408875164 0.9256704980842911 0.7813518613827414 0.9325670498084292 0.6795619603133757 0.943295019157088 0.5583290444330073 0.9586206896551724 0.4988562932464116 0.9264367816091954 0.46683250414593697 0.8850574712643678 0.43595242179905075 0.849808429118774 0.4039286326985761 0.825287356321839 0.46111397037799506 0.7808429118773946 0.47941327843540915 0.7816091954022988 0.4496769028421113 0.7624521072796935 0.42680276777034365 0.7394636015325671 0.39935380568422263
6 0.10191570881226056 0.5125807742894721 0.15862068965517245 0.5377423228684165 0.22068965517241385 0.5446045633899468 0.1685823754789272 0.5629038714473609 0.17088122605363987 0.5823468862583633 0.17701149425287357 0.6040773145765426 0.2053639846743295 0.6097958483444844 0.1984674329501916 0.6361011036770172 0.18084291187739465 0.6361011036770172 0.1624521072796935 0.614370675358838 0.17088122605363987 0.6441070509521359 0.18773946360153257 0.6498255847200778 0.167816091954023 0.6578315319951965 0.15019157088122606 0.6452507577057243 0.15785440613026822 0.6589752387487848 0.1670498084291188 0.6612626522559616 0.1632183908045977 0.6772745468061989 0.135632183908046 0.6624063590095499 0.08659003831417626 0.5697661119688912 0.08735632183908046 0.5251615485789444 0.09501915708812263 0.5045748270143535
6 0.8743295019157088 0.7584777263109739 0.8620689655172414 0.7641962600789156 0.8344827586206897 0.7413221250071482 0.8237547892720306 0.7493280722822668 0.8513409961685824 0.7779207411219762 0.8375478927203065 0.785926688397095 0.8214559386973179 0.8030822897009205 0.7915708812260537 0.8099445302224509 0.7831417624521073 0.8168067707439811 0.7601532567049808 0.8030822897009205 0.7701149425287356 0.8122319437296277 0.7724137931034483 0.8271001315262765 0.7532567049808429 0.8236690112655115 0.7593869731800766 0.8419683193229255 0.782375478927203 0.8625550408875164 0.782375478927203 0.8785669354377537 0.8015325670498085 0.8934351232344026 0.832183908045977 0.861411334133928 0.8720306513409962 0.8293875450334534 0.8842911877394636 0.8248127180190999 0.8919540229885057 0.771058500600446
6 0.6114942528735632 0.5526105106650655 0.6789272030651341 0.5583290444330073 0.6942528735632184 0.5617601646937725 0.6842911877394635 0.5674786984617145 0.685823754789272 0.5823468862583633 0.6551724137931034 0.5800594727511866 0.675095785440613 0.5960713673014238 0.671264367816092 0.6132269686052496 0.6521072796934866 0.6097958483444844 0.6613026819923372 0.6212329158803682 0.6659003831417624 0.6246640361411334 0.6567049808429118 0.638388517184194 0.6091954022988506 0.590352833533482
6 0.5264367816091954 0.5857780065191285 0.5524904214559386 0.6212329158803682 0.5187739463601532 0.6681248927774919 0.49808429118773945 0.6509692914736662
6 0.6015325670498084 0.5320237891004747 0.563984674329502 0.5377423228684165 0.5563218390804597 0.5457482701435352 0.5517241379310345 0.5537542174186538 0.550191570881226 0.5617601646937725 0.550191570881226 0.5697661119688912 0.5578544061302683 0.5823468862583633 0.5547892720306513 0.5926402470406588 0.5731800766283525 0.6086521415908961 0.5938697318007663 0.605221021330131 0.603831417624521 0.5812031795047751
2 0.06513409961685823 0.7985074626865671 0.06053639846743295 0.8991536570023445 0.03601532567049808 0.9940813175501801 0.16628352490421458 0.9963687310573568 0.14865900383141764 0.984931663521473 0.10421455938697317 0.8968662434951677 0.06896551724137931 0.840824612569337 0.08659003831417626 0.8030822897009205 0.07049808429118776 0.7641962600789156
4 0.42681992337164754 0.6452507577057243 0.46130268199233715 0.6429633441985475 0.47049808429118783 0.7012923886315549 0.5241379310344828 0.6749871332990222 0.5731800766283525 0.6704123062846686 0.5754789272030651 0.7264539372104992 0.5724137931034483 0.8293875450334534 0.546360153256705 0.9963687310573568 0.42298850574712643 0.9963687310573568 0.46360153256704983 0.9083033110310516 0.4597701149425288 0.8007948761937438 0.4567049808429119 0.7413221250071482 0.4482758620689655 0.7001486818779665 0.42835249042145596 0.6669811860239034
4 0.6061302681992337 0.7539028992966204 0.5747126436781609 0.8499742665980442 0.5532567049808429 0.9940813175501801 0.6954291187739509 0.9970149253731343 0.8191570881226053 0.9963687310573568 0.8413793103448276 0.8648424543946932 0.8053639846743295 0.8922914164808142 0.7770114942528736 0.8854291759592839 0.7754789272030651 0.8682735746554582 0.7655172413793103 0.8568365071195745 0.7264367816091953 0.9334648596099959
5 0.9302681992337165 0.3638988963229827 0.928735632183908 0.346743295019157 0.939463601532567 0.33988105449762673 0.9478927203065134 0.3581803625550409 0.9409961685823756 0.3638988963229827
5 0.9578544061302682 0.3455995882655687 0.9708812260536398 0.3387373477440384 0.9762452107279693 0.3638988963229827 0.9639846743295019 0.37190484359810144 0.9509578544061303 0.3604677760622176
0 0.924904214559387 0.32501286670097784 0.943295019157088 0.31929433293303594 0.9547892720306513 0.33988105449762673 0.9295019157088122 0.33988105449762673 0.9187739463601532 0.34102476125121517
0 0.957088122605364 0.3273002802081546 0.9693486590038314 0.3227254531938011 0.9831417624521072 0.33301881397609645 0.9739463601532568 0.3433121747583919 0.9632183908045977 0.3433121747583919
1 0.9478927203065134 0.37304855035168977 0.957088122605364 0.37190484359810144 0.9701149425287355 0.3810544976268085 0.9770114942528736 0.37304855035168977 0.9762452107279693 0.4085034597129296 0.9754789272030652 0.45768285011723 0.957088122605364 0.48513181220335105 0.9409961685823756 0.47026362440670216 0.9333333333333333 0.451964316349288 0.9448275862068966 0.4153657002344599 0.9517241379310345 0.38791673814833877
1 0.928735632183908 0.3661863098301595 0.9356321839080459 0.37991079087322005 0.9417624521072797 0.37533596385886653 0.946360153256705 0.39935380568422263 0.943295019157088 0.41994052724881337 0.9295019157088122 0.4565391433636416 0.918007662835249 0.44853319608852293 0.918007662835249 0.3982100989306342 0.9164750957854406 0.370761136844513
2 0.9954022988505747 0.4954251729856465 0.9846743295019156 0.6017899010693658 0.98544061302682 0.6246640361411334 0.9938697318007663 0.6269514496483102 0.998 0.6207868702464687 0.9954022988505747 0.6395322239377824 0.998 0.6403076571167152 0.998 0.49199405272488134
3 0.9808429118773946 0.6246640361411334 0.9693486590038314 0.6292388631554869 0.9693486590038314 0.6418196374449591 0.9808429118773946 0.6395322239377824
3 0.9793103448275862 0.6441070509521359 0.9915708812260535 0.6372448104306057 0.9977011494252873 0.6498255847200778 0.998 0.6516097672556755 0.9931034482758619 0.6544004117344313 0.9831417624521072 0.6578315319951965
