5 0.5042145593869731 0.2746897695430891 0.5800766283524904 0.30671355864356376 0.6245210727969348 0.35474924229427574 0.6421455938697318 0.42909018127752047 0.6061302681992337 0.5377423228684165 0.6091954022988506 0.5697661119688912 0.5915708812260536 0.6178017956196031 0.5731800766283525 0.6132269686052496 0.5517241379310346 0.6544004117344313 0.5164750957854407 0.6852804940813176 0.42835249042145596 0.6715560130382571 0.4191570881226054 0.6235203293875451 0.4199233716475096 0.5640475782009493 0.41455938697318007 0.4988562932464116 0.43065134099616864 0.4462457825813461 0.45134099616858236 0.35703665580145244 0.471264367816092 0.31929433293303594
5 0.3831417624521073 0.24838451421055635 0.30421455938697317 0.24380968719620286 0.24750957854406133 0.2758334762966775 0.21685823754789274 0.3318751072225081 0.20459770114942533 0.35474924229427574 0.20996168582375482 0.46797621089952535 0.22068965517241382 0.4931377594784697 0.23371647509578544 0.4988562932464116 0.23601532567049813 0.5583290444330073 0.25440613026819925 0.5972150740550123 0.28199233716475103 0.6441070509521359 0.3180076628352491 0.6646937725167268 0.36168582375478936 0.6578315319951965 0.3931034482758621 0.605221021330131 0.40842911877394633 0.5526105106650655 0.4191570881226054 0.48055698518899753 0.42911877394636017 0.37304855035168977 0.42528735632183906 0.29985131812203347
5 0.13793103448275865 0.3170069194258591 0.0681992337164751 0.2575341682392634 0.00306513409961687 0.28383942357179615 4.440892098500626e-19 0.5683936638645867 0.0007662835249042246 0.647538171212901 0.030651340996168584 0.6990049751243782 0.07816091954022991 0.6921427346028479 0.12490421455938698 0.6269514496483102 0.16551724137931037 0.4942814662320581 0.1846743295019157 0.37991079087322005 0.16168582375478932 0.3318751072225081 0.14636015325670498 0.31929433293303594
5 0.6590038314176245 0.31014467890432884 0.6383141762452108 0.3444558815119803 0.6421455938697318 0.38219820438039687 0.6590038314176245 0.4462457825813461 0.6613026819923372 0.48627551895693943 0.6980842911877395 0.47255103791387887 0.7203065134099617 0.4451020758277578 0.7310344827586207 0.41994052724881337 0.7455938697318008 0.3764796706124549 0.7386973180076628 0.3604677760622176 0.7172413793103449 0.313575799165094 0.7003831417624522 0.30099502487562185 0.6720306513409962 0.2975639046148567 0.6651340996168583 0.3032824383827986
5 0.8574712643678162 0.3364499342368616 0.8436781609195403 0.3536055355406873 0.8406130268199234 0.409647166466518 0.8490421455938698 0.42451535426316694 0.8628352490421456 0.42680276777034365 0.8835249042145594 0.4130782867272831 0.8904214559386974 0.38334191113398525 0.8881226053639848 0.3513181220335106 0.8773946360153256 0.3318751072225081
1 0.23524904214559392 0.6909990278492595 0.17701149425287357 0.737891004746383 0.12873563218390804 0.7985074626865671 0.09731800766283527 0.975782009492766 0.09885057471264369 0.9940813175501801 0.12490421455938698 0.9963687310573568 0.12413793103448276 0.894578829987991 0.15325670498084296 0.8739921084234002 0.15555555555555556 0.819094184251158 0.19463601532567051 0.7927889289186252 0.23754789272030652 0.7447532452679134 0.31264367816091954 0.7264539372104992 0.34176245210727974 0.7744896208612111 0.4076628352490421 0.9963687310573568 0.4735632183908047 0.9940813175501801 0.4490421455938697 0.9380396866243494 0.4191570881226054 0.8717046949162234 0.3816091954022988 0.8282438382798649 0.34942528735632183 0.7836392748899182 0.34559386973180073 0.7333161777320295
1 0.0015325670498084491 0.7413221250071482 0.014559386973180096 0.7573340195573856 0.0681992337164751 0.7824955681363298 0.06206896551724139 0.8122319437296277 0.020689655172413807 0.8225253045119231 0.020689655172413807 0.9689197689712358 0.07126436781609198 0.9769257162463544 0.0672264367816092 0.9970149253731343 0.0015325670498084491 0.9963687310573568 0.0 0.9557671413049689 0.0 0.7447532452679134
1 0.46360153256704983 0.8076571167152742 0.4681992337164751 0.8739921084234002 0.4666666666666666 0.9300337393492308 0.47662835249042146 0.9917939040430034 0.42988505747126443 0.8957225367415794
1 0.6911877394636016 0.6909990278492595 0.7517241379310345 0.689855321095671 0.8206896551724139 0.7985074626865671 0.889655172413793 0.9963687310573568 0.5325670498084292 0.9963687310573568 0.542528735632184 0.9220277920741121 0.5532567049808429 0.8922914164808142 0.5609195402298851 0.8648424543946932 0.5808429118773946 0.8202378910047463
1 0.7739463601532567 0.47826957168182077 0.7601532567049809 0.5011437067535884 0.7409961685823755 0.5354549093612399 0.70727969348659 0.5491793904043004 0.6850574712643678 0.5297363755932979 0.7003831417624522 0.5914965402870704 0.7042145593869732 0.6749871332990222 0.7770114942528736 0.689855321095671 0.8291187739463602 0.8133756504832159 0.8444444444444444 0.8568365071195745 0.839080459770115 0.8076571167152742 0.8160919540229885 0.7184479899353806 0.8804597701149426 0.6772745468061989 0.8697318007662835 0.6017899010693658 0.8513409961685824 0.5411734431291817 0.8337164750957854 0.5205867215645908 0.8076628352490421 0.4965688797392349
1 0.8521072796934865 0.4405272488134042 0.9026819923371647 0.42451535426316694 0.9333333333333332 0.4496769028421113 0.942528735632184 0.5194430148110024 0.9287356321839081 0.5285926688397096 0.9233716475095787 0.5949276605478356 0.9279693486590038 0.6418196374449591 0.9272030651340997 0.6646937725167268 0.8842911877394636 0.6646937725167268 0.8674329501915709 0.5972150740550123 0.8505747126436781 0.5377423228684165 0.8199233716475096 0.5011437067535884 0.8306513409961687 0.47026362440670216
6 0.8191570881226053 0.7230228169497341 0.8750957854406131 0.6818493738205524 0.8804597701149426 0.8545490936123976 0.8467432950191571 0.8659861611482814
6 0.23524904214559392 0.7470406587750901 0.19770114942528735 0.7939326356722136 0.15019157088122606 0.8259564247726883 0.16015325670498087 0.879710642191342 0.18390804597701155 0.9940813175501801 0.4099616858237548 0.9952250243037686 0.34022988505747126 0.7699147938468577 0.30574712643678165 0.7253102304569108
8 0.12260536398467436 0.8991536570023445 0.15708812260536403 0.870560988162635 0.18620689655172415 0.9952250243037686 0.12796934865900383 0.9940813175501801
8 0.4590038314176245 0.8133756504832159 0.5793103448275861 0.8179504774975696 0.5318007662835249 0.9963687310573568 0.4743295019157088 0.9963687310573568 0.4666666666666666 0.9220277920741121 0.4689655172413793 0.8831417624521072
2 0.8827586206896553 0.6692685995310802 0.9203065134099618 0.6624063590095499 0.9279693486590038 0.8145193572368044 0.8827586206896553 0.8168067707439811 0.8758620689655172 0.6921427346028479
