5 0.27210300429184553 0.12804005722460657 0.19141630901287554 0.1646638054363376 0.15107296137339055 0.22646638054363374 0.1278969957081545 0.34892703862660945 0.10128755364806867 0.45879828326180255 0.103862660944206 0.5469241773962804 0.19313304721030042 0.6487839771101573 0.2781115879828326 0.7025751072961374 0.351931330472103 0.686552217453505 0.4034334763948498 0.567525035765379 0.4446351931330472 0.44620886981402 0.41802575107296136 0.2733905579399141 0.33819742489270377 0.1474964234620887 0.28669527896995706 0.13376251788268956
5 0.43948497854077256 0.34778254649499285 0.496137339055794 0.3306151645207439 0.567381974248927 0.3317596566523605 0.5862660944206007 0.34320457796852644 0.5793991416309012 0.4919885550786838 0.5416309012875535 0.5984263233190271 0.5150214592274678 0.6087267525035764 0.47210300429184543 0.5995708154506437 0.45321888412017164 0.55379113018598 0.44721030042918447 0.4484978540772532 0.4326180257510729 0.3546494992846924
5 0.663519313304721 0.17496423462088698 0.6145922746781116 0.23676680972818312 0.5931330472103005 0.3111587982832618 0.5914163090128755 0.3821173104434907 0.6197424892703862 0.5080114449213161 0.648068669527897 0.5858369098712446 0.7081545064377682 0.60758226037196 0.7450643776824033 0.5938483547925608 0.8111587982832619 0.5526466380543633 0.8420600858369098 0.5354792560801145 0.8729613733905578 0.4439198855507868 0.8583690987124462 0.27567954220314733 0.8171673819742489 0.19670958512160228 0.7553648068669528 0.1429184549356223 0.6944206008583691 0.1658082975679542
5 0.6429184549356223 0.06509298998569385 0.6643776824034335 0.018168812589413448 0.7141630901287553 0.014735336194563662 0.7296137339055794 0.04220314735336195 0.7304721030042919 0.11201716738197423 0.6987124463519312 0.16008583690987124 0.6618025751072961 0.1658082975679542 0.6386266094420601 0.12918454935622317 0.6377682403433477 0.08454935622317596
1 0.49957081545064375 0.6579399141630901 0.5278969957081545 0.6419170243204577 0.5476394849785408 0.5995708154506437 0.5630901287553647 0.632761087267525 0.5613733905579399 0.7449213161659514 0.5321888412017167 0.8444921316165952 0.5201716738197424 0.8044349070100143 0.5141630901287554 0.7048640915593706
1 0.8188841201716739 0.6602288984263233 0.790557939914163 0.692274678111588 0.7373390557939914 0.7689556509298998 0.7030042918454935 0.8330472103004292 0.6489270386266094 0.8433476394849786 0.5957081545064378 0.8845493562231761 0.542489270386266 0.8662374821173104 0.5339055793991416 0.8444921316165952 0.5081545064377682 0.8937052932761088 0.4927038626609442 0.9509298998569385 0.4910061760703444 0.9973333333333333 0.7665236051502146 0.9932761087267525 0.7974248927038626 0.8238912732474964 0.8145922746781116 0.780400572246066 0.8480686695278968 0.7586552217453506 0.9107296137339056 0.7655221745350501 0.9313304721030042 0.8479256080114449 0.9313304721030042 0.8834048640915594 0.9442060085836909 0.9040057224606581 0.9579399141630902 0.8525035765379113 0.9545064377682404 0.771244635193133 0.9115879828326181 0.7575107296137339 0.9167381974248926 0.7220314735336195 0.8935622317596567 0.7014306151645209 0.855793991416309 0.7082975679542204 0.8412017167381973 0.6762517882689556
6 0.8171673819742489 0.780400572246066 0.8472103004291845 0.7609442060085838 0.9081545064377683 0.7666666666666667 0.9304721030042917 0.82274678111588 0.9321888412017167 0.8811158798283262 0.940772532188841 0.9108726752503578 0.998 0.9344369267020114 0.998 0.9973333333333333 0.7699570815450643 0.9973333333333333 0.7991416309012875 0.8181688125894135
8 0.296137339055794 0.8444921316165952 0.32017167381974243 0.8456366237482118 0.31072961373390556 0.9143061516452075 0.33802622141219346 0.9973333333333333 0.18454935622317598 0.9973333333333333 0.21630901287553647 0.9600858369098713 0.2412017167381974 0.9474964234620887 0.2609442060085837 0.8822603719599429 0.23776824034334762 0.8296137339055795
8 0.544206008583691 0.8582260371959943 0.5690987124463519 0.8135908440629471 0.6060085836909871 0.7815450643776825 0.6927038626609442 0.7483547925608012 0.6849785407725322 0.7907010014306152 0.6351931330472103 0.8513590844062948 0.5957081545064378 0.870815450643777
6 0.46351931330472096 0.6636623748211731 0.45236051502145913 0.7678111587982833 0.4497854077253219 0.9944206008583693 0.4918454935622317 0.9955650929899857 0.4918454935622317 0.9463519313304721 0.5047210300429185 0.8856938483547926 0.5270386266094421 0.830758226037196 0.5167381974248927 0.771244635193133 0.5158798283261803 0.7071530758226037 0.4884120171673819 0.6636623748211731
6 0.8317596566523605 0.6464949928469241 0.8738197424892703 0.6339055793991416 0.9570815450643777 0.6567954220314736 0.992274678111588 0.6968526466380545 0.9965665236051502 0.867381974248927 0.9570815450643777 0.8628040057224607 0.9562231759656652 0.8261802575107297 0.9690987124463518 0.8078683834048641 0.9802575107296136 0.7907010014306152 0.965665236051502 0.7735336194563662 0.9167381974248926 0.7563662374821174 0.9158798283261801 0.720886981402003 0.9450643776824034 0.728898426323319 0.9150214592274678 0.7060085836909872 0.8815450643776823 0.6831187410586552 0.857510729613734 0.697997138769671 0.8429184549356223 0.6819742489270386 0.8197424892703862 0.6579399141630901
