5 0.4042918454935622 0.27453505007153073 0.37339055793991416 0.3100143061516452 0.3613733905579398 0.3546494992846924 0.3545064377682403 0.4107296137339056 0.3811158798283261 0.4439198855507868 0.4034334763948498 0.4484978540772532 0.4334763948497854 0.45536480686695274 0.4755364806866952 0.42446351931330467 0.48326180257510726 0.36266094420600853 0.4755364806866952 0.3100143061516452 0.45407725321888404 0.2859799713876967 0.41802575107296136 0.27567954220314733
5 0.5399141630901286 0.34091559370529323 0.5124463519313305 0.37525035765379117 0.5081545064377682 0.43133047210300424 0.5270386266094421 0.47939914163090125 0.551931330472103 0.4919885550786838 0.582832618025751 0.46909871244635193 0.5974248927038626 0.4267525035765379 0.5974248927038626 0.36723891273247494 0.5656652360515021 0.3443490701001431
5 0.6575107296137338 0.31917024320457793 0.6763948497854076 0.27796852646638054 0.7158798283261802 0.27911301859799714 0.7278969957081545 0.28941344778254646 0.7330472103004291 0.32603719599427755 0.7124463519313304 0.3706723891273247 0.6781115879828326 0.3855507868383405 0.6600858369098712 0.36380543633762513 0.6506437768240343 0.3271816881258941
5 0.20858369098712448 0.7060085836909872 0.22317596566523606 0.7082975679542204 0.2274678111587983 0.734620886981402 0.2128755364806867 0.7449213161659514 0.20600858369098712 0.734620886981402
5 0.1278969957081545 0.7002861230329042 0.14763948497854076 0.7105865522174536 0.14506437768240343 0.7426323319027182 0.12360515021459227 0.746065808297568 0.12017167381974249 0.7254649499284693
5 0.03347639484978541 0.7140200286123033 0.039484978540772514 0.7449213161659514 0.01888412017167383 0.7643776824034335 0.006866952789699582 0.7426323319027182 0.013733905579399163 0.7220314735336195
5 0.08927038626609445 0.6819742489270386 0.10987124463519317 0.6831187410586552 0.10643776824034333 0.7025751072961374 0.10214592274678111 0.7094420600858369 0.096137339055794 0.7094420600858369 0.08755364806866955 0.7002861230329042
5 0.1811158798283262 0.6670958512160229 0.1905579399141631 0.655650929899857 0.20000000000000004 0.6819742489270386 0.18969957081545064 0.689985693848355
5 0.2549356223175966 0.7369098712446353 0.263519313304721 0.7311874105865522 0.2781115879828326 0.7472103004291846 0.2703862660944206 0.7506437768240344 0.255793991416309 0.7483547925608012
1 0.3630901287553647 0.4450643776824034 0.40171673819742487 0.519456366237482 0.4042918454935622 0.6762517882689556 0.40944206008583683 0.689985693848355 0.4575107296137339 0.6854077253218884 0.4772532188841201 0.697997138769671 0.4918454935622317 0.6831187410586552 0.49098712446351933 0.6430615164520743 0.4763948497854077 0.632761087267525 0.4618025751072961 0.6316165951359084 0.46351931330472096 0.5869814020028612 0.4618025751072961 0.5160228898426323 0.4506437768240343 0.5137339055793991 0.4660944206008584 0.4919885550786838 0.4686695278969956 0.47825464949928465 0.5021459227467812 0.49427753934191704 0.5304721030042918 0.5812589413447782 0.5407725321888411 0.7025751072961374 0.5107296137339056 0.740343347639485 0.48326180257510726 0.7483547925608012 0.4755364806866952 0.7506437768240344 0.4884120171673819 0.8834048640915594 0.4583690987124463 0.9085836909871245 0.34420600858369094 0.8982832618025751 0.27553648068669534 0.8753934191702433 0.2729613733905579 0.7701001430615165 0.28154506437768234 0.7105865522174536 0.2969957081545064 0.6876967095851215 0.26523605150214585 0.6911301859799714 0.25236051502145923 0.6716738197424892 0.23862660944206007 0.609871244635193 0.24806866952789702 0.5835479256080115 0.26695278969957087 0.5457796852646638 0.296137339055794 0.4977110157367668 0.33133047210300426 0.4633762517882689
1 0.615450643776824 0.4839771101573676 0.5939914163090129 0.4610872675250357 0.5545064377682403 0.49542203147353364 0.51931330472103 0.48168812589413446 0.5030042918454936 0.4874105865522174 0.5313304721030042 0.5778254649499284 0.5407725321888411 0.7128755364806868 0.5090128755364807 0.7414878397711017 0.4746781115879828 0.7552217453505008 0.4935622317596566 0.9417739628040058 0.5785407725321888 0.9417739628040058 0.6120171673819742 0.9589413447782548 0.6695278969957081 0.9371959942775394 0.6841201716738198 0.7895565092989987 0.7167381974248926 0.7529327610872676 0.7133047210300428 0.6579399141630901 0.6849785407725322 0.5698140200286123 0.6515021459227468 0.4908440629470672 0.6283261802575107 0.4908440629470672
2 0.2781115879828326 0.8799713876967097 0.31072961373390556 0.9944206008583693 0.38969957081545065 0.9944206008583693 0.39399141630901285 0.9509298998569385 0.4041775358526117 0.9973333333333333 0.49098712446351933 0.9967095851216023 0.48326180257510726 0.8959942775393419 0.45579399141630894 0.909728183118741 0.34678111587982835 0.9028612303290415 0.2935622317596567 0.8834048640915594
2 0.5064377682403433 0.944062947067239 0.5793991416309012 0.9474964234620887 0.6085836909871244 0.961230329041488 0.6652360515021458 0.9360515021459228 0.6549356223175965 0.9955650929899857 0.5107296137339056 0.9955650929899857 0.49871244635193124 0.9497854077253218
1 0.7201716738197425 0.40157367668097277 0.7484978540772531 0.3706723891273247 0.8892703862660944 0.22646638054363374 0.8884120171673819 0.265379113018598 0.767381974248927 0.43018597997138763 0.7793991416309012 0.5824034334763948 0.7416309012875536 0.5011444921316166
6 0.28412017167381975 0.5354792560801145 0.30300429184549355 0.4908440629470672 0.3236051502145923 0.44735336194563663 0.31931330472103003 0.4931330472103004 0.34678111587982835 0.4931330472103004 0.34849785407725326 0.5217453505007152 0.3407725321888412 0.5480686695278969 0.32017167381974243 0.567525035765379 0.31072961373390556 0.567525035765379 0.2935622317596567 0.5755364806866953
6 0.047210300429184573 0.7643776824034335 0.07296137339055796 0.7826895565092991 0.09442060085836912 0.7838340486409157 0.0901287553648069 0.7918454935622319 0.0721030042918455 0.7929899856938484 0.03690987124463521 0.7701001430615165 0.034334763948497854 0.7575107296137339
6 0.18369098712446352 0.7735336194563662 0.18025751072961377 0.7678111587982833 0.18798283261802576 0.7552217453505008 0.16309012875536483 0.7678111587982833 0.15278969957081542 0.7781115879828326 0.14420600858369098 0.7895565092989987 0.16394849785407725 0.7929899856938484
6 0.1905579399141631 0.7643776824034335 0.20085836909871246 0.7723891273247497 0.2412017167381974 0.7781115879828326 0.24721030042918457 0.7826895565092991 0.23776824034334762 0.7918454935622319 0.2034334763948498 0.7826895565092991 0.19399141630901287 0.7781115879828326
