5 0.0830708661417323 0.13834462552646035 0.08700787401574803 0.12117744002929866 0.1082677165354331 0.13605566746017214 0.12716535433070866 0.13720014649331624 0.12165354330708661 0.15436733199047792 0.10905511811023624 0.16237868522248672 0.09330708661417324 0.15894524812305438
0 0.5271653543307088 0.0982878593664164 0.555511811023622 0.06853140450466946 0.5759842519685039 0.06624244643838124 0.59251968503937 0.08455411096868705 0.6043307086614174 0.0982878593664164 0.6192913385826773 0.1337667093938839 0.6271653543307087 0.17382347555392785 0.6090551181102362 0.18984618201794543 0.5854330708661417 0.2138802417139718 0.565748031496063 0.23676982237685404 0.5523622047244094 0.21731367881340413 0.5342519685039371 0.17611243362021609 0.5248031496062993 0.10973264969785754
0 0.12952755905511812 0.03877494964292254 0.10590551181102362 0.034197033510346087 0.07677165354330708 0.039919428676066654 0.06811023622047245 0.07425379967039003 0.07755905511811025 0.10973264969785754 0.10905511811023624 0.12689983519501924 0.15236220472440945 0.13147775132759568 0.16102362204724413 0.09370994323383997 0.15393700787401574 0.07310932063724591 0.1437007874015748 0.050219739974363665
1 0.12637795275590552 0.14864493682475735 0.16338582677165353 0.16352316425563085 0.19803149606299214 0.2596594030397363 0.18228346456692915 0.276826588536898 0.1421259842519685 0.297427211133492 0.10039370078740158 0.2859824208020509 0.0374015748031496 0.297427211133492 0.03897637795275591 0.25737044497344813 0.017716535433070873 0.2859824208020509 0.0027559055118110223 0.26995971433803334 0.0 0.23991713971800044 0.030314960629921273 0.16466764328877495 0.07598425196850395 0.13605566746017214 0.0909448818897638 0.15780076908991028 0.10984251968503937 0.1692455594213514
1 0.5122047244094489 0.1520783739241897 0.5295275590551181 0.18297930781908076 0.5405511811023622 0.21731367881340413 0.5515748031496063 0.27453763047060975 0.5468503937007875 0.37754074345357985 0.5279527559055118 0.4267533418787767 0.5200787401574803 0.40844167734847087 0.5003937007874016 0.4130195934810474 0.4728346456692914 0.38669657571873284 0.4515748031496063 0.41187511444790326 0.423228346456693 0.4210309467130562 0.43582677165354333 0.3569401208569859 0.43582677165354333 0.28254898370261855 0.4531496062992127 0.20129097234938656 0.481496062992126 0.18069034975279252
2 0.14527559055118114 0.37296282732100344 0.12716535433070866 0.38669657571873284 0.12165354330708661 0.38669657571873284 0.08937007874015748 0.40844167734847087 0.03582677165354332 0.40844167734847087 0.046850393700787404 0.7792528840871635 0.053149606299212594 0.815876213147775 0.08543307086614174 0.8261765244460721 0.0799212598425197 0.6464933162424464 0.09015748031496063 0.5961362387841054 0.09724409448818898 0.4771104193371177 0.13818897637795274 0.591558322651529 0.19566929133858266 0.7597967405237135 0.2106299212598425 0.7941311115180368 0.23503937007874018 0.7906976744186046 0.2192913385826772 0.6682384178721845 0.19960629921259843 0.6098699871818348 0.18700787401574806 0.5286119758286028 0.1720472440944882 0.4679545870719648 0.16653543307086616 0.4130195934810474 0.15472440944881888 0.399285845083318
2 0.4279527559055118 0.43018677897820906 0.45393700787401575 0.41416407251419146 0.47204724409448817 0.3947079289507416 0.49645669291338584 0.41187511444790326 0.5161417322834646 0.4210309467130562 0.5153543307086614 0.4553653177073796 0.5570866141732284 0.5663797839223584 0.586220472440945 0.7609412195568577 0.5854330708661417 0.7723860098882989 0.555511811023622 0.7861197582860281 0.5460629921259842 0.7826863211865959 0.5271653543307088 0.6693828969053287 0.4885826771653543 0.560657388756638 0.43267716535433076 0.7357626808276871 0.41299212598425195 0.8090093389489105 0.3688976377952756 0.7964200695843252 0.3933070866141733 0.7014283098333638 0.4216535433070867 0.581258011353232
3 0.20669291338582677 0.7975645486174693 0.2374015748031496 0.795275590551181 0.24921259842519683 0.814731734114631 0.24291338582677163 0.8273210034792162 0.212992125984252 0.8181651712140632
3 0.06023622047244095 0.8215986083134956 0.06496062992125985 0.8399102728438014 0.0830708661417323 0.8433437099432338 0.0830708661417323 0.8273210034792162
3 0.3681102362204724 0.7964200695843252 0.3578740157480315 0.8261765244460721 0.35708661417322834 0.8387657938106574 0.3681102362204724 0.8536440212415307 0.4074803149606299 0.8605108954403955 0.43110236220472437 0.8593664164072513 0.428740157480315 0.8387657938106574 0.418503937007874 0.835332356711225 0.40669291338582686 0.815876213147775
3 0.5437007874015749 0.7906976744186046 0.5437007874015749 0.815876213147775 0.5468503937007875 0.8421992309100897 0.5736220472440945 0.835332356711225 0.5759842519685039 0.8193096502472074 0.597244094488189 0.8307544405786486 0.6200787401574803 0.8261765244460721 0.6334645669291339 0.8193096502472074 0.6366141732283465 0.8112982970151986 0.6271653543307087 0.7929866324848929 0.6019685039370078 0.7918421534517487 0.5838582677165355 0.7723860098882989 0.5594488188976378 0.7861197582860281
6 0.12086614173228347 0.2951382530672038 0.11377952755905514 0.31688335469694195 0.10669291338582676 0.31802783373008603 0.11456692913385828 0.3317615821278154 0.1311023622047244 0.3329060611609595 0.19330708661417326 0.33633949826039183 0.197244094488189 0.27224867240432155 0.18700787401574806 0.27797106757004214 0.17440944881889764 0.2836934627357627 0.1421259842519685 0.29628273210034795
6 0.0027559055118110223 0.28026002563633035 0.027165354330708682 0.29857169016663615 0.058661417322834634 0.2939937740340597 0.07283464566929135 0.2894158579014832 0.0799212598425197 0.3065830433986449 0.065748031496063 0.31802783373008603 0.03976377952755905 0.3340505401941037 0.010629921259842518 0.3329060611609595 0.00118110236220474 0.32489470792895075
