5 0.1536480686695279 0.20243204577968527 0.12103004291845494 0.24821173104434907 0.11931330472103005 0.3592274678111588 0.15278969957081545 0.4256080114449213 0.1613733905579399 0.3786838340486409 0.20257510729613734 0.3775393419170243 0.21888412017167383 0.3935622317596566 0.23175965665236048 0.34663805436337625 0.2343347639484978 0.2848354792560801 0.22317596566523604 0.22303290414878396 0.18454935622317595 0.19899856938483546
5 0.8360515021459227 0.1486409155937053 0.7854077253218884 0.1898426323319027 0.7819742489270386 0.2184549356223176 0.7854077253218884 0.27453505007153073 0.8042918454935623 0.37525035765379117 0.823175965665236 0.3958512160228898 0.8618025751072962 0.38097281831187413 0.8909871244635192 0.3168812589413448 0.8995708154506438 0.28826895565092986 0.8987124463519313 0.23562231759656652 0.8866952789699571 0.1726752503576538 0.8472103004291845 0.14978540772532187
5 0.9957081545064377 0.1234620886981402 0.9665236051502147 0.1417739628040057 0.9519313304721031 0.17725321888412016 0.9648068669527897 0.22074391988555078 0.9896995708154507 0.22989985693848353 0.998 0.22159942775393418 0.998 0.1234620886981402
5 0.0 0.6110157367668096 0.02317596566523605 0.6178826895565093 0.12360515021459227 0.5137339055793991 0.15450643776824036 0.45650929899856935 0.18626609442060083 0.4359084406294707 0.20944206008583688 0.4633762517882689 0.2 0.4679542203147353 0.1836909871244635 0.46452074391988557 0.18197424892703862 0.4668097281831188 0.21373390557939917 0.47825464949928465 0.2223175965665236 0.4874105865522174 0.21545064377682405 0.5045779685264664 0.20858369098712445 0.49427753934191704 0.1854077253218884 0.488555078683834 0.17682403433476396 0.4977110157367668 0.2017167381974249 0.4977110157367668 0.2223175965665236 0.5057224606580829 0.2240343347639485 0.5183118741058654 0.2060085836909871 0.5228898426323318 0.17253218884120172 0.5160228898426323 0.18454935622317595 0.5263233190271817 0.2163090128755365 0.5343347639484979 0.2145922746781116 0.542346208869814 0.2 0.542346208869814 0.16394849785407722 0.5354792560801145 0.15021459227467812 0.5515021459227467 0.07467811158798283 0.6991416309012877 0.03776824034334763 0.732331902718169 0.006866952789699568 0.728898426323319 -8.881784197001253e-19 0.7139159838730655
5 0.8197424892703862 0.6304721030042918 0.8369098712446352 0.6476394849785407 0.8480686695278968 0.6625178826895565 0.8540772532188842 0.692274678111588 0.8618025751072962 0.7048640915593706 0.9648068669527897 0.6739628040057225 0.998 0.6728279960382963 0.998 0.7414878397711017 0.871244635193133 0.7563662374821174 0.8291845493562232 0.7391988555078685 0.8103004291845494 0.740343347639485 0.8042918454935623 0.7174535050071531 0.8 0.7014306151645209 0.8017167381974247 0.6831187410586552 0.8 0.6739628040057225 0.8034334763948497 0.6567954220314736 0.8111587982832619 0.6533619456366238 0.8051502145922745 0.6339055793991416
1 0.11931330472103005 0.3786838340486409 0.15107296137339057 0.43133047210300424 0.19141630901287557 0.4507868383404864 0.2300429184549356 0.4610872675250357 0.2223175965665236 0.39012875536480685 0.2575107296137339 0.4267525035765379 0.3004291845493562 0.4439198855507868 0.3201716738197425 0.5869814020028612 0.2652360515021459 0.5984263233190271 0.26180257510729615 0.7472103004291846 0.24206008583690988 0.734620886981402 0.24034334763948498 0.7689556509298998 0.18025751072961374 0.7861230329041488 0.103862660944206 0.7815450643776825 0.07124463519313304 0.7483547925608012 0.034334763948497854 0.7563662374821174 0.03261802575107296 0.7414878397711017 0.0 0.6087267525035764 0.005150214592274679 0.49427753934191704 0.026609442060085826 0.43247496423462084
1 0.7948497854077252 0.3603719599427754 0.7665236051502146 0.3832618025751073 0.7124463519313303 0.567525035765379 0.7622317596566522 0.5869814020028612 0.7862660944206009 0.5560801144492131 0.8008583690987126 0.6396280400572245 0.8197424892703862 0.6281831187410586 0.8394849785407725 0.6510729613733905 0.8480686695278968 0.6590844062947067 0.8540772532188842 0.6945636623748213 0.865236051502146 0.7025751072961374 0.9656652360515022 0.6739628040057225 0.998 0.672936303562913 0.998 0.3855507868383405 0.9244635193133047 0.34778254649499285 0.9064377682403433 0.3844062947067239 0.8849785407725321 0.4107296137339056 0.8583690987124464 0.4210300429184549 0.8214592274678112 0.3969957081545064 0.8042918454935623 0.38097281831187413
1 0.9450643776824036 0.1898426323319027 0.9390557939914163 0.18755364806866953 0.9287553648068669 0.1944206008583691 0.9261802575107297 0.20586552217453505 0.9064377682403433 0.211587982832618 0.9021459227467811 0.2310443490701001 0.9055793991416308 0.29055793991416307 0.930472103004292 0.2848354792560801 0.9390557939914163 0.31344778254649497 0.9630901287553647 0.32031473533619453 0.9974248927038627 0.32145922746781114 0.998 0.28541917024321084 0.998 0.22188841201716739 0.992274678111588 0.23218884120171673 0.9725321888412017 0.22074391988555078 0.959656652360515 0.23562231759656652 0.9519313304721031 0.22303290414878396
6 0.9090128755364806 0.28941344778254646 0.9278969957081544 0.2848354792560801 0.9390557939914163 0.3168812589413448 0.998 0.3246297930645389 0.998 0.3832618025751073 0.975107296137339 0.36723891273247494 0.9716738197424892 0.3454935622317597 0.9210300429184549 0.3397711015736767 0.9012875536480688 0.3088698140200286
6 0.7639484978540773 0.5869814020028612 0.7296137339055795 0.6648068669527897 0.7236051502145922 0.6876967095851215 0.7167381974248926 0.6373390557939914 0.6884120171673819 0.6236051502145923 0.711587982832618 0.567525035765379
2 0.03605150214592274 0.7609442060085838 0.09086637225021249 0.9973333333333333 0.2669527896995708 0.9967095851216023 0.25665236051502144 0.9154506437768241 0.2609442060085837 0.8582260371959943 0.26351931330472106 0.830758226037196 0.2429184549356223 0.7735336194563662 0.1836909871244635 0.7907010014306152 0.10128755364806867 0.7849785407725323 0.07210300429184548 0.7552217453505008
2 0.9055793991416308 0.7666666666666667 0.998 0.7406645404312846 0.9974248927038627 0.8044349070100143 0.9733905579399142 0.8490701001430616 0.9459227467811159 0.8834048640915594 0.930472103004292 0.8834048640915594 0.9227467811158799 0.830758226037196 0.8995708154506438 0.8261802575107297
