5 0.2869565217391305 0.3362982805595623 0.3043478260869565 0.3191267715273484 0.327536231884058 0.33515351329074794 0.3429951690821256 0.3660622295487328 0.33043478260869563 0.3889575749250178 0.3159420289855073 0.40727385122604576 0.2937198067632851 0.4049843166884173 0.28502415458937197 0.39010234219383205 0.27536231884057977 0.34774595324770474
5 0.4251207729468599 0.3466011859788905 0.44347826086956527 0.3591936259358473 0.44347826086956527 0.4026947821507887 0.4347826086956522 0.4187215239141882 0.42125603864734307 0.42673489479588805 0.40386473429951697 0.42215582572063104 0.3922705314009662 0.3866680403873892 0.40096618357487923 0.3569040913982187
5 0.4734299516908213 0.3958261785379032 0.4937198067632851 0.4015500148819745 0.49855072463768124 0.42215582572063104 0.4966183574879227 0.45649884378505845 0.48019323671497594 0.4736703528172723 0.4579710144927536 0.4736703528172723 0.44154589371980685 0.4473407056345445 0.45217391304347826 0.4187215239141882 0.4628019323671498 0.3981157130755318
5 0.5285024154589372 0.3122581679144629 0.5410628019323671 0.2916523570758065 0.5652173913043479 0.2824942189252925 0.5855072463768116 0.3042447970327632 0.5932367149758454 0.3431668841724478 0.5835748792270532 0.3614831604734758 0.5671497584541063 0.385523273118575 0.5545893719806764 0.385523273118575 0.5371980676328503 0.3683517640863613 0.5314009661835749 0.34545641871007626
5 0.5458937198067634 0.2882180552693637 0.5323671497584541 0.26761224443070725 0.5091787439613527 0.26761224443070725 0.4956521739130435 0.298520960688692 0.5024154589371981 0.33744304782837653 0.5265700483091788 0.33858781509719077 0.5246376811594203 0.3191267715273484
5 0.6106280193236715 0.3694965313551755 0.6357487922705315 0.3557593241294045 0.6657004830917875 0.3683517640863613 0.6647342995169082 0.39697094580671755 0.6483091787439614 0.42215582572063104 0.6434782608695653 0.4416168692904732 0.62512077294686 0.4530645419786158 0.6057971014492753 0.43932733475284474 0.6019323671497585 0.4118529203013028
5 0.7333333333333334 0.28363898619410677 0.757487922705314 0.289362822538178 0.770048309178744 0.3294296769466768 0.7671497584541063 0.344311651441262 0.7458937198067634 0.35804885866703295 0.7362318840579711 0.3729308331616182 0.7111111111111112 0.3614831604734758 0.706280193236715 0.32599537514023397 0.7188405797101449 0.29623142615106346
5 0.8637681159420291 0.33744304782837653 0.8821256038647345 0.3557593241294045 0.8840579710144929 0.3820889713121323 0.8695652173913043 0.40841861849486 0.8492753623188406 0.4255901275270737 0.8289855072463769 0.4152872221077455 0.8241545893719807 0.3889575749250178 0.82512077294686 0.3569040913982187 0.8347826086956521 0.33744304782837653
1 0.27536231884057977 0.41414245483893125 0.2888888888888889 0.4278796620647023 0.32077294685990343 0.42673489479588805 0.3352657004830918 0.4049843166884173 0.36328502415458946 0.4107081530324885 0.38937198067632856 0.435893032946402 0.36135265700483093 0.4530645419786158 0.3584541062801933 0.5011447672688142 0.3468599033816425 0.5343430180644275 0.3536231884057971 0.5572383634407125 0.3439613526570049 0.5629621997847837 0.31400966183574885 0.5538040616342698 0.2792270531400966 0.5629621997847837 0.25314009661835746 0.5526592943654555 0.2560386473429952 0.5263296471827278 0.22995169082125608 0.5080133708816997 0.24251207729468605 0.4427616365592876
1 0.40096618357487923 0.4381825674840305 0.36328502415458946 0.4553540765162442 0.35458937198067636 0.554948828903084 0.3835748792270532 0.5480802252901985 0.38067632850241545 0.6087528905373537 0.3932367149758454 0.6076081232685395 0.40096618357487923 0.6018842869244684 0.4077294685990338 0.5446459234837557 0.41062801932367154 0.5022895345376285 0.4270531400966183 0.4805389564301578 0.44154589371980685 0.4484854729033587 0.40289855072463776 0.4553540765162442
1 0.455072463768116 0.47481512008608656 0.41835748792270533 0.5034343018064428 0.41352657004830917 0.5973052178492113 0.4231884057971015 0.6064633559997252 0.4347826086956522 0.619055795956682 0.4560386473429952 0.6076081232685395 0.46956521739130436 0.619055795956682 0.5024154589371981 0.619055795956682 0.4946859903381643 0.6305034686448245 0.5217391304347826 0.6408063740641528 0.5381642512077295 0.6362273049888958 0.527536231884058 0.6213453304943105 0.5342995169082125 0.577844174279369 0.5342995169082125 0.5435011562149415 0.527536231884058 0.5171715090322138 0.506280193236715 0.4874075600430432 0.485024154589372 0.4736703528172723 0.47053140096618357 0.49198662911830027 0.4560386473429952 0.4896970945806718
1 0.4956521739130435 0.34774595324770474 0.5130434782608696 0.3786546695056895 0.5265700483091788 0.37178606589280394 0.5294685990338164 0.3683517640863613 0.543961352657005 0.3820889713121323 0.5072463768115942 0.39697094580671755 0.5043478260869565 0.42673489479588805 0.4927536231884059 0.40727385122604576 0.47826086956521735 0.3912471094626463 0.463768115942029 0.3935366440002747 0.4628019323671498 0.37522036769924677
1 0.5323671497584541 0.38781280765620346 0.5381642512077295 0.40383954941960293 0.5574879227053141 0.41299768757011707 0.58743961352657 0.40956338576367424 0.5864734299516908 0.39239187673146053 0.6 0.4152872221077455 0.6096618357487923 0.4484854729033587 0.5980676328502416 0.46909128374201525 0.5710144927536233 0.477104654623715 0.552657004830918 0.5274744144515421 0.5516908212560387 0.5675412688600407 0.5391304347826087 0.5652517343224123 0.5285024154589372 0.5263296471827278 0.5082125603864734 0.4874075600430432 0.5043478260869565 0.4530645419786158 0.5053140096618358 0.4255901275270737 0.5140096618357488 0.39468141126908896
1 0.6 0.4702360510108295 0.6164251207729469 0.477104654623715 0.6444444444444445 0.47595988735490075 0.6541062801932368 0.45420930924742997 0.6811594202898551 0.467946516473201 0.702415458937198 0.4896970945806718 0.710144927536232 0.536632552602056 0.710144927536232 0.5606726652471553 0.6782608695652175 0.5709755706664834 0.6821256038647343 0.6179110286878677 0.6666666666666667 0.6202005632254963 0.6483091787439614 0.6282139341071961 0.6193236714975845 0.6179110286878677 0.6057971014492753 0.6133319596126108 0.5884057971014494 0.6179110286878677 0.5748792270531401 0.6064633559997252 0.578743961352657 0.5663965015912266 0.5536231884057972 0.5583831307095268 0.552657004830918 0.5251848799139135 0.5671497584541063 0.48397325823660053
1 0.6995169082125604 0.3832337385809465 0.7014492753623188 0.41299768757011707 0.7198067632850242 0.43703780021521627 0.731400966183575 0.43474826567758784 0.752657004830918 0.4210110584518168 0.7661835748792272 0.385523273118575 0.7932367149758456 0.4015500148819745 0.8144927536231884 0.4301691966023308 0.8193236714975846 0.4416168692904732 0.7835748792270532 0.4656569819355726 0.7777777777777779 0.5103029054193282 0.770048309178744 0.5389220871396845 0.7652173913043478 0.5492249925590128 0.752657004830918 0.559527897978341 0.7217391304347827 0.5526592943654555 0.7159420289855074 0.5480802252901985 0.7072463768115942 0.5194610435698424 0.7004830917874396 0.48626279277422896 0.6821256038647343 0.46222268012912976 0.6541062801932368 0.45191977470980155 0.6502415458937199 0.41986629118300256 0.663768115942029 0.399260480344346
1 0.821256038647343 0.4484854729033587 0.7806763285024154 0.4702360510108295 0.7768115942028986 0.5160267417633995 0.7748792270531402 0.5389220871396845 0.7922705314009663 0.5446459234837557 0.7884057971014493 0.6030290541932826 0.8067632850241547 0.6350825377200815 0.8289855072463769 0.6156214941502393 0.8550724637681161 0.6442406758705955 0.8618357487922707 0.6247796323007532 0.8985507246376812 0.6133319596126108 0.8956521739130436 0.559527897978341 0.9314009661835749 0.5503697598278271 0.9294685990338165 0.513737207225771 0.9198067632850242 0.4599331455915013 0.897584541062802 0.4473407056345445 0.8869565217391306 0.4439064038281018 0.8705314009661836 0.4725255855484581 0.8521739130434783 0.477104654623715 0.8260869565217391 0.477104654623715 0.8193236714975846 0.47481512008608656
4 0.25024154589371983 0.5583831307095268 0.2473429951690821 0.6179110286878677 0.26086956521739135 0.6614121849028093 0.25314009661835746 0.6740046248597661 0.23478260869565223 0.6625569521716235 0.22705314009661834 0.7209400828811503 0.27246376811594203 0.72895345376285 0.3198067632850242 0.7358220573757356 0.3594202898550725 0.7335325228381071 0.3690821256038647 0.6637017194404377 0.3690821256038647 0.614476726881425 0.3536231884057971 0.5606726652471553 0.3439613526570049 0.5641069670535981
4 0.4241545893719807 0.6121871923437966 0.41352657004830917 0.6762941593973945 0.4173913043478261 0.779323213590677 0.4347826086956522 0.788481351741191 0.5294685990338164 0.7850470499347483 0.5246376811594203 0.7083476429241935 0.5033816425120773 0.7140714792682648 0.4975845410628019 0.7106371774618221 0.4975845410628019 0.696899970236051 0.5014492753623189 0.669425555784509 0.5101449275362319 0.63737207225771 0.4946859903381643 0.6305034686448245 0.48405797101449277 0.619055795956682 0.4357487922705314 0.6202005632254963
4 0.5681159420289855 0.614476726881425 0.5555555555555556 0.6522540467522953 0.5584541062801933 0.6854522975479085 0.5574879227053141 0.7152162465370789 0.5584541062801933 0.7804679808594913 0.5893719806763286 0.7942051880852623 0.6415458937198069 0.7999290244293334 0.6917874396135266 0.7953499553540766 0.6792270531400967 0.7358220573757356 0.6695652173913044 0.6877418320855371 0.6753623188405797 0.6362273049888958 0.6782608695652175 0.6202005632254963 0.6492753623188406 0.6327930031824529 0.6173913043478261 0.6213453304943105 0.5971014492753624 0.619055795956682
4 0.7903381642512077 0.6087528905373537 0.8067632850241547 0.6350825377200815 0.8328502415458937 0.6202005632254963 0.8521739130434783 0.6385168395265243 0.8705314009661836 0.6247796323007532 0.8985507246376812 0.6213453304943105 0.9004830917874398 0.6614121849028093 0.8908212560386475 0.6854522975479085 0.8869565217391306 0.7026238065801224 0.8908212560386475 0.7232296174187788 0.906280193236715 0.7449801955262495 0.9178743961352658 0.724374384687593 0.9246376811594204 0.7873365844723769 0.8888888888888891 0.8056528607734048 0.7835748792270532 0.7942051880852623 0.778743961352657 0.7415458937198068 0.7826086956521738 0.6888865993543513 0.7768115942028986 0.6591226503651808
4 0.7072463768115942 0.5560935961718984 0.7342995169082127 0.5663965015912266 0.761352657004831 0.5629621997847837 0.7584541062801933 0.6282139341071961 0.7565217391304349 0.706058108386565 0.7623188405797101 0.7621517045584633 0.7478260869565219 0.7724546099777916 0.693719806763285 0.7644412390960919 0.6898550724637681 0.7255191519564074 0.6995169082125604 0.706058108386565 0.697584541062802 0.6579778830963665
6 0.23478260869565223 0.5160267417633995 0.22608695652173913 0.5858575451610687 0.2328502415458937 0.6499645122146668 0.24637681159420288 0.6762941593973945 0.25990338164251203 0.6533988140211096 0.2473429951690821 0.6202005632254963 0.25314009661835746 0.5206058108386565
6 0.3594202898550725 0.5583831307095268 0.3671497584541063 0.6133319596126108 0.3748792270531401 0.6705703230533232 0.3855072463768116 0.6934656684296082 0.40289855072463776 0.6625569521716235 0.38840579710144923 0.63737207225771 0.37874396135265703 0.5858575451610687 0.37874396135265703 0.554948828903084
6 0.4086956521739131 0.6076081232685395 0.4077294685990338 0.6762941593973945 0.4077294685990338 0.7003342720424938 0.4154589371980677 0.7083476429241935 0.4164251207729469 0.6522540467522953 0.4222222222222223 0.6087528905373537
6 0.506280193236715 0.6430959086017813 0.5004830917874397 0.6900313666231656 0.5091787439613527 0.7106371774618221 0.5227053140096618 0.7026238065801224 0.5236714975845411 0.6785836939350229 0.5256038647342995 0.641951141332967
6 0.5574879227053141 0.568686036128855 0.543961352657005 0.669425555784509 0.5478260869565218 0.6934656684296082 0.5536231884057972 0.7083476429241935 0.5594202898550725 0.6728598575909518 0.5652173913043479 0.6224900977631248 0.5797101449275363 0.568686036128855
6 0.6821256038647343 0.5789889415481834 0.6763285024154589 0.6717150903221375 0.6714975845410629 0.6843075302790943 0.6734299516908213 0.7152162465370789 0.6869565217391305 0.7129267119994506 0.693719806763285 0.7094924101930077 0.6917874396135266 0.6522540467522953 0.702415458937198 0.6350825377200815 0.7033816425120772 0.5641069670535981
6 0.7739130434782608 0.54579069075257 0.7642512077294685 0.5847127778922545 0.7603864734299517 0.6430959086017813 0.7603864734299517 0.6854522975479085 0.7719806763285024 0.7266639192252216 0.778743961352657 0.7232296174187788 0.7729468599033817 0.7094924101930077 0.7797101449275363 0.7140714792682648 0.7864734299516909 0.6911761338919797 0.7729468599033817 0.660267417633995 0.7864734299516909 0.6110424250749822 0.7913043478260872 0.5423563889461274 0.7816425120772947 0.5389220871396845
6 0.8985507246376812 0.5618174325159695 0.9053140096618357 0.6511092794834811 0.8908212560386475 0.6911761338919797 0.8927536231884059 0.7152162465370789 0.8985507246376812 0.7335325228381071 0.9072463768115944 0.7415458937198068 0.9207729468599035 0.7152162465370789 0.9198067632850242 0.6797284612038372 0.9256038647342997 0.6305034686448245 0.9275362318840581 0.5538040616342698
3 0.28115942028985513 0.8628912242141173 0.30144927536231886 0.8720493623646313 0.30144927536231886 0.889220871396845 0.28115942028985513 0.9063923804290588 0.25217391304347825 0.9086819149666874 0.25990338164251203 0.8915104059344735
3 0.39033816425120776 0.8731941296334456 0.4086956521739131 0.8834970350527738 0.3961352657004832 0.91211621677313 0.3739130434782609 0.9132609840419442 0.3671497584541063 0.907537147697873 0.3758454106280193 0.8903656386656592
3 0.4077294685990338 0.8857865695904024 0.4357487922705314 0.8926551732032877 0.4270531400966183 0.9063923804290588 0.40096618357487923 0.9098266822355016
3 0.44347826086956527 0.9109714495043159 0.4618357487922706 0.9178400531172013 0.4473429951690822 0.9338667948806008 0.42995169082125606 0.9373010966870435 0.42125603864734307 0.9338667948806008
3 0.4647342995169082 0.9098266822355016 0.48019323671497594 0.9018133113538018 0.48985507246376814 0.9109714495043159 0.49178743961352667 0.9269981912677153 0.4724637681159421 0.9384458639558577 0.4618357487922706 0.930432493074158
3 0.5159420289855072 0.907537147697873 0.5043478260869565 0.9235638894612727 0.5178743961352658 0.9384458639558577 0.5400966183574879 0.935011562149415 0.5391304347826087 0.9144057513107585 0.5429951690821258 0.9006685440849876
3 0.5458937198067634 0.9086819149666874 0.561352657004831 0.9063923804290588 0.5681159420289855 0.930432493074158 0.5661835748792271 0.9395906312246721 0.5468599033816426 0.9476040021063719 0.5381642512077295 0.9395906312246721
3 0.5855072463768116 0.9281429585365295 0.6048309178743961 0.9315772603429724 0.6038647342995169 0.9395906312246721 0.5961352657004831 0.9498935366440003 0.5835748792270532 0.9579069075257001 0.5632850241545895 0.9521830711816287 0.5671497584541063 0.9327220276117866
3 0.6193236714975845 0.930432493074158 0.6115942028985507 0.944169700299929 0.6115942028985507 0.9659202784073998 0.6376811594202899 0.967065045676214 0.6454106280193237 0.9544726057192573 0.6444444444444445 0.930432493074158
3 0.6821256038647343 0.9224191221924583 0.7033816425120772 0.925853423998901 0.7053140096618358 0.9373010966870435 0.6917874396135266 0.9601964420633285 0.6705314009661836 0.9613412093321427 0.6657004830917875 0.9498935366440003
3 0.7265700483091788 0.9269981912677153 0.7507246376811594 0.9315772603429724 0.7545893719806764 0.9556173729880716 0.748792270531401 0.967065045676214 0.7236714975845411 0.967065045676214 0.7149758454106281 0.9476040021063719
3 0.7884057971014493 0.9395906312246721 0.8019323671497586 0.948748769375186 0.8144927536231884 0.948748769375186 0.8193236714975846 0.9498935366440003 0.821256038647343 0.9601964420633285 0.7855072463768116 0.971644114751471 0.7565217391304349 0.9727888820202854 0.7536231884057971 0.9682098129450283 0.7603864734299517 0.9556173729880716 0.7748792270531402 0.9544726057192573
3 0.8396135265700483 0.944169700299929 0.8396135265700483 0.9704993474826569 0.8492753623188406 0.9842365547084279 0.8685990338164252 0.9808022529019851 0.8628019323671497 0.9647755111385855 0.8647342995169082 0.9430249330311148 0.8550724637681161 0.9430249330311148
6 0.998 0.9109714495043159 0.9468599033816425 0.9510383039128145 0.9091787439613528 0.967065045676214 0.8628019323671497 0.9945394601277561 0.8593236714975847 0.9976303317535545 0.998 0.9976303317535545 0.998 0.9247086567300868
