5 0.18740458015267178 0.41200804497874477 0.16603053435114504 0.42572107693010924 0.1729007633587786 0.43714860355624624 0.18740458015267178 0.4520043881702244 0.19732824427480916 0.43714860355624624
5 0.15305343511450384 0.3937240023769255 0.1431297709923664 0.4154363029665859 0.14541984732824426 0.4417196142067011 0.15763358778625952 0.4451478721945422
5 0.45687022900763363 0.37772546510033367 0.4400763358778626 0.3925812497143118 0.44083969465648853 0.4051515290030626 0.44541984732824424 0.4211500662796544 0.46374045801526714 0.4211500662796544 0.4690839694656488 0.40857978699090364 0.46603053435114505 0.3822964757507885
5 0.6958015267175571 0.3822964757507885 0.6881679389312977 0.4051515290030626 0.6812977099236641 0.42686382959272295 0.684351145038168 0.4451478721945422 0.7019083969465648 0.4314348402431777 0.7156488549618321 0.43943410888147366 0.7209923664122138 0.42457832426749553 0.716412213740458 0.40972253965351735 0.7103053435114504 0.3937240023769255 0.7026717557251908 0.38801023906385695
5 0.8477099236641221 0.4005805183526078 0.831679389312977 0.4142935503039722 0.8301526717557252 0.43600585089363253 0.8393129770992366 0.4451478721945422 0.8538167938931298 0.4508616355076107 0.8614503816793893 0.4337203455684051 0.8645038167938931 0.4142935503039722
5 0.9484732824427481 0.43829135621885995 0.9446564885496183 0.4451478721945422 0.9416030534351145 0.4600036568085203 0.9492366412213741 0.4714311834346574 0.9568702290076336 0.46457466745897513 0.9599236641221374 0.44743337751976964
5 0.7545801526717557 0.4325775929057914 0.7606870229007634 0.43714860355624624 0.7637404580152671 0.4520043881702244 0.7576335877862596 0.4577181514832929 0.750763358778626 0.45314714083283814
5 0.7263358778625955 0.4211500662796544 0.7362595419847328 0.4200073136170407 0.7416030534351145 0.43600585089363253 0.7385496183206106 0.4451478721945422 0.7332061068702289 0.45314714083283814 0.7225190839694656 0.43714860355624624
5 0.7698473282442747 0.47714494674772595 0.7782442748091603 0.480573204735567 0.7782442748091603 0.49428623668693145 0.7782442748091603 0.5057137633130685 0.7706106870229007 0.49657174201215887
5 0.5904580152671756 0.4520043881702244 0.6011450381679388 0.45428989349545185 0.598854961832061 0.47485944142249853 0.5942748091603054 0.47714494674772595 0.5919847328244275 0.46914567810943
5 0.5309160305343512 0.4028660236778352 0.5438931297709924 0.4051515290030626 0.5522900763358779 0.42800658225533667 0.5461832061068702 0.4405768615440874 0.5278625954198474 0.43943410888147366
5 0.3400763358778626 0.4200073136170407 0.3484732824427481 0.39829501302738035 0.35610687022900767 0.4017232710152215 0.3538167938931298 0.42457832426749553 0.3515267175572519 0.4325775929057914
5 0.36297709923664123 0.4440051195319285 0.3782442748091603 0.449718882844997 0.37671755725190836 0.4600036568085203 0.37290076335877864 0.4714311834346574 0.3606870229007633 0.46914567810943
5 0.383587786259542 0.4337203455684051 0.3927480916030534 0.4337203455684051 0.3965648854961832 0.4508616355076107 0.3919847328244275 0.45428989349545185 0.3843511450381679 0.449718882844997
5 0.06526717557251908 0.6542716094528499 0.08969465648854963 0.634844814188417 0.12557251908396946 0.6474150934771677 0.1316793893129771 0.6954107053069434 0.13244274809160306 0.7456918224619463 0.11946564885496183 0.7685468757142203 0.10038167938931296 0.7834026603281985 0.0751908396946565 0.7685468757142203 0.03778625954198473 0.7651186177263792 0.04465648854961832 0.7468345751245601 0.033206106870229006 0.6976962106321708
5 0.004961832061068705 0.6462723408145541 0.0 0.6455295515838552 0.0003816793893129784 0.5548521278054577 0.016412213740458013 0.5662796544315948 0.01946564885496183 0.5971339763221648
5 0.6354961832061068 0.4291493349179504 0.6416030534351145 0.4325775929057914 0.6400763358778626 0.4508616355076107 0.632442748091603 0.4485761301823833
5 0.664503816793893 0.4325775929057914 0.6706106870229007 0.42686382959272295 0.6751908396946564 0.43943410888147366 0.6729007633587786 0.4451478721945422 0.6622137404580153 0.44743337751976964
0 0.17671755725190838 0.3822964757507885 0.15687022900763356 0.4062942816656763 0.15763358778625952 0.42572107693010924 0.17748091603053434 0.41086529231613106 0.20267175572519086 0.41200804497874477 0.18740458015267178 0.3925812497143118
1 0.15763358778625952 0.45314714083283814 0.1263358778625954 0.49657174201215887 0.08511450381679389 0.5434246011793207 0.06374045801526716 0.5651369017689811 0.06145038167938931 0.6325593088631896 0.13625954198473283 0.6485578461397815 0.14236641221374044 0.7342642958358092 0.1133587786259542 0.7856881656534259 0.14770992366412214 0.8451113041093385 0.18358778625954197 0.8748228733372948 0.2637404580152672 0.8725373680120674 0.266793893129771 0.8211134981944507 0.29122137404580156 0.8074004662430864 0.2629770992366412 0.5959912236595512 0.31030534351145034 0.5777071810577319 0.33091603053435115 0.5594231384559125 0.3194656488549618 0.5457101065045481 0.2782442748091603 0.5445673538419344 0.24007633587786262 0.5251405585775015 0.21793893129770991 0.4737166887598848
1 0.03854961832061069 0.7742606390272888 0.0751908396946565 0.7719751337020614 0.10496183206106871 0.7982584449421767 0.12404580152671754 0.8348265301458152 0.15152671755725192 0.8656808520363851 0.18740458015267178 0.9399597751062759 0.19885496183206106 0.9776706129725281 0.1851145038167939 0.9890981395986652 0.15687022900763356 0.9719568496594596 0.1306797212080982 0.9970059880239521 0.09045801526717558 0.9970059880239521 0.07366412213740457 0.9628148283585499 0.033206106870229006 0.9491017964071856 0.0 0.927636226506044 0.0 0.8622525940485442 0.01793893129770992 0.8085432189057001
1 0.3599236641221374 0.4714311834346574 0.3530534351145038 0.480573204735567 0.3530534351145038 0.5365680852036385 0.36297709923664123 0.5548521278054577 0.37366412213740463 0.5571376331306851 0.3790076335877862 0.5034282579878411 0.38053435114503814 0.480573204735567
1 0.3385496183206107 0.4302920875805641 0.33015267175572516 0.44743337751976964 0.3347328244274809 0.49657174201215887 0.33625954198473285 0.5148557846139781 0.3446564885496183 0.5068565159756822 0.3477099236641221 0.5011427526626137 0.3522900763358779 0.47828769941033966 0.35839694656488547 0.4634319147963614 0.34923664122137404 0.4291493349179504
1 0.4034351145038168 0.45314714083283814 0.38740458015267176 0.480573204735567 0.3797709923664122 0.5011427526626137 0.3797709923664122 0.5205695479270467 0.3896946564885496 0.5159985372765918 0.39503816793893126 0.49657174201215887 0.39885496183206104 0.5342825798784111 0.41870229007633586 0.5308543218905699 0.4148854961832061 0.4851442153860218 0.4202290076335878 0.4600036568085203
1 0.4438931297709923 0.418864560954427 0.4232824427480916 0.4451478721945422 0.41564885496183207 0.4897152260364766 0.417175572519084 0.5159985372765918 0.42099236641221377 0.5342825798784111 0.46832061068702285 0.5308543218905699 0.47213740458015263 0.5297115692279563 0.4812977099236641 0.4862869680486355 0.4851145038167939 0.5148557846139781 0.4904580152671756 0.511427526626137 0.48358778625954196 0.4622891621337477 0.47290076335877856 0.4337203455684051 0.46374045801526714 0.4211500662796544
1 0.6889312977099237 0.43829135621885995 0.6690839694656489 0.47714494674772595 0.6713740458015267 0.5011427526626137 0.6812977099236641 0.5034282579878411 0.6866412213740458 0.5102847739635232 0.6889312977099237 0.5205695479270467 0.7240458015267176 0.5285688165653426 0.732442748091603 0.511427526626137 0.7309160305343511 0.4634319147963614 0.7187022900763359 0.4462906248571559 0.7064885496183205 0.43714860355624624
1 0.8454198473282443 0.449718882844997 0.8339694656488549 0.4508616355076107 0.8209923664122137 0.46686017278420255 0.8141221374045802 0.4828587100607944 0.815648854961832 0.5262833112401152 0.8202290076335877 0.5319970745531837 0.8278625954198473 0.527426063902729 0.8622137404580152 0.5239978059148878 0.8751908396946565 0.5217123005896603 0.8866412213740458 0.5262833112401152 0.8896946564885496 0.492000731361704 0.8782442748091603 0.45428989349545185 0.8629770992366411 0.4508616355076107
1 0.5286259541984734 0.4348630982310188 0.5087786259541984 0.4485761301823833 0.5019083969465649 0.4851442153860218 0.498854961832061 0.49428623668693145 0.49961832061068695 0.5 0.5232824427480917 0.4862869680486355 0.5431297709923664 0.4908579786990903 0.5492366412213741 0.49314348402431774 0.5606870229007634 0.5228550532522741 0.565267175572519 0.5194267952644329 0.5599236641221375 0.46800292544681626 0.5583969465648855 0.43829135621885995 0.5431297709923664 0.4428623668693148
1 0.5858778625954199 0.4737166887598848 0.58206106870229 0.492000731361704 0.58206106870229 0.5091420213009096 0.5874045801526717 0.5011427526626137 0.6064885496183205 0.5068565159756822 0.6148854961832061 0.4977144946747726 0.6080152671755725 0.4725739360972711 0.5950381679389314 0.4794304520729534
1 0.7301526717557251 0.4588609041459066 0.7377862595419847 0.4600036568085203 0.7454198473282443 0.4565753988206792 0.7484732824427481 0.48742972071124924 0.7423664122137404 0.511427526626137 0.7339694656488549 0.5102847739635232
1 0.750763358778626 0.4622891621337477 0.7583969465648855 0.461146409471134 0.7683206106870228 0.4702884307720437 0.7683206106870228 0.5 0.7599236641221374 0.5171412899392055 0.7469465648854962 0.49428623668693145
1 0.9408396946564885 0.46457466745897513 0.9217557251908397 0.4851442153860218 0.9194656488549618 0.49542898934954516 0.9240458015267176 0.5057137633130685 0.9339694656488549 0.5045710106504548 0.9660305343511449 0.5034282579878411 0.9706106870229008 0.48742972071124924 0.9667938931297709 0.46914567810943 0.9599236641221374 0.461146409471134 0.9469465648854962 0.4737166887598848
1 0.915648854961832 0.4337203455684051 0.9072519083969466 0.4462906248571559 0.9087786259541984 0.4622891621337477 0.9110687022900763 0.4828587100607944 0.9209923664122137 0.4828587100607944 0.9309160305343511 0.4725739360972711 0.9385496183206107 0.4577181514832929 0.931679389312977 0.4485761301823833 0.9240458015267176 0.4485761301823833
1 0.9843511450381679 0.4817159573981807 0.9690839694656488 0.5194267952644329 0.9767175572519083 0.5457101065045481 0.9874045801526717 0.5159985372765918 0.998 0.5183777483201535 0.998 0.47828769941033966
1 0.6614503816793893 0.4520043881702244 0.6515267175572519 0.47600219408511224 0.648473282442748 0.49428623668693145 0.6606870229007634 0.5079992686382959 0.666030534351145 0.5022855053252274 0.6706106870229007 0.4794304520729534 0.6805343511450381 0.4565753988206792
1 0.6332061068702289 0.4462906248571559 0.6240458015267176 0.4588609041459066 0.6316793893129771 0.49657174201215887 0.6454198473282443 0.49542898934954516 0.65 0.45543264615806556 0.6438931297709923 0.45543264615806556
1 0.0 0.7308360378479681 0.003435114503816791 0.6542716094528499 0.03854961832061069 0.7376925538236504 0.03778625954198473 0.7491200804497874 0.023282442748091596 0.7502628331124012 0.0217557251908397 0.7662613703889929 0.013358778625954195 0.7685468757142203 0.0003816793893129784 0.7536910911002422
2 0.3553435114503817 0.5548521278054577 0.35458015267175574 0.62341728756228 0.3606870229007633 0.62341728756228 0.37290076335877864 0.6142752662613703 0.37748091603053435 0.5605658911185263
2 0.3973282442748092 0.5319970745531837 0.40419847328244274 0.600562234310006 0.41030534351145037 0.6028477396352334 0.416412213740458 0.5342825798784111
2 0.4202290076335878 0.5514238698176167 0.417175572519084 0.6725556520546693 0.4255725190839694 0.727407779860127 0.44160305343511447 0.7376925538236504 0.44541984732824424 0.6497005988023952 0.45992366412213737 0.6874114366686473 0.4759541984732824 0.6702701467294419 0.45839694656488544 0.634844814188417 0.47290076335877856 0.5548521278054577
2 0.5851145038167939 0.5171412899392055 0.5881679389312977 0.569707912419436 0.598091603053435 0.5674224070942085 0.598854961832061 0.5491383644923893 0.6080152671755725 0.5708506650820496 0.616412213740458 0.5674224070942085 0.6103053435114504 0.5171412899392055
2 0.5217557251908397 0.5194267952644329 0.5255725190839695 0.5639941491063674 0.5217557251908397 0.5857064496960277 0.5141221374045801 0.6097042556109156 0.5240458015267175 0.6268455455501212 0.533969465648855 0.6085615029483018 0.5408396946564885 0.5959912236595512 0.5484732824427481 0.5891347076838689 0.5507633587786259 0.5171412899392055
2 0.6721374045801526 0.5502811171550029 0.6568702290076336 0.6314165562005759 0.65 0.7296932851853544 0.6790076335877863 0.7365498011610366 0.682824427480916 0.6337020615258033 0.6896946564885497 0.6222745348996663 0.6919847328244275 0.6782694153677378 0.7064885496183205 0.7171230058966037 0.7095419847328244 0.7479773277871737 0.7286259541984733 0.7342642958358092 0.7278625954198473 0.7068382319330804 0.7156488549618321 0.6611281254285322 0.7301526717557251 0.542281848516707 0.7225190839694656 0.527426063902729 0.7187022900763359 0.5354253325410248 0.7080152671755725 0.5377108378662522 0.682824427480916 0.5342825798784111
2 0.8225190839694657 0.5468528591671619 0.8385496183206107 0.5399963431914796 0.8721374045801527 0.5479956118297755 0.8774809160305344 0.603990492297847 0.8606870229007633 0.6439868354893267 0.866793893129771 0.68512593134342 0.8477099236641221 0.6976962106321708 0.8370229007633587 0.6554143621154637 0.8286259541984732 0.5982767289847786
2 0.9232824427480917 0.5148557846139781 0.9278625954198473 0.5594231384559125 0.9225190839694657 0.6085615029483018 0.9423664122137404 0.6097042556109156 0.9484732824427481 0.5399963431914796 0.9438931297709924 0.511427526626137
2 0.9431297709923664 0.5091420213009096 0.9614503816793892 0.5057137633130685 0.9568702290076336 0.5639941491063674 0.9522900763358779 0.59256296567171 0.9484732824427481 0.5902774603464825 0.9469465648854962 0.5399963431914796
4 0.9774809160305343 0.5457101065045481 0.9606870229007632 0.6017049869726196 0.998 0.6108246196499352 0.998 0.5502811171550029
3 0.4263358778625954 0.7365498011610366 0.416412213740458 0.7514055857750148 0.43396946564885497 0.7662613703889929 0.4438931297709923 0.7605476070759244 0.44160305343511447 0.7376925538236504
3 0.4622137404580153 0.6794121680303514 0.46450381679389313 0.7114092425835352 0.46832061068702285 0.7262650271975134 0.4797709923664122 0.7102664899209215 0.4812977099236641 0.6954107053069434 0.48282442748091603 0.6634136307537596
3 0.6637404580152672 0.735407048498423 0.650763358778626 0.7502628331124012 0.6416030534351145 0.7605476070759244 0.6545801526717557 0.758262101750697 0.666030534351145 0.758262101750697 0.6812977099236641 0.7456918224619463 0.6790076335877863 0.7376925538236504
3 0.7041984732824427 0.7502628331124012 0.6912213740458015 0.7799744023403574 0.7057251908396946 0.7868309183160397 0.7248091603053436 0.7708323810394477 0.7263358778625955 0.7571193490880833 0.7248091603053436 0.7479773277871737 0.7194656488549619 0.7456918224619463
3 0.8530534351145038 0.693125199981716 0.8477099236641221 0.7125519952461489 0.8484732824427481 0.7296932851853544 0.8599236641221374 0.723979521872286 0.8561068702290077 0.7171230058966037 0.8530534351145038 0.7171230058966037
3 0.8591603053435115 0.6908396946564885 0.8645038167938931 0.7125519952461489 0.8545801526717557 0.7136947479087626 0.851526717557252 0.7056954792704666
3 0.5080152671755724 0.611989760936143 0.5225190839694657 0.6485578461397815 0.5286259541984734 0.6394158248388718 0.5255725190839695 0.6302738035379621 0.5194656488549618 0.611989760936143
3 0.5286259541984734 0.6245600402248938 0.5393129770992366 0.6382730721762582 0.533206106870229 0.6382730721762582
3 0.5866412213740458 0.5891347076838689 0.5874045801526717 0.6051332449604607 0.598854961832061 0.603990492297847 0.599618320610687 0.5868492023586415
3 0.6095419847328244 0.5891347076838689 0.6141221374045801 0.5994194816473922 0.6232824427480916 0.6097042556109156 0.6248091603053435 0.600562234310006 0.6202290076335878 0.5937057183343237
3 0.6545801526717557 0.59256296567171 0.6515267175572519 0.603990492297847 0.6637404580152672 0.6051332449604607 0.6629770992366412 0.5937057183343237
3 0.7187022900763359 0.6714128993920556 0.7202290076335878 0.6588426201033047 0.7370229007633587 0.6634136307537596 0.7400763358778626 0.673698404717283
3 0.3614503816793893 0.62341728756228 0.37671755725190836 0.62341728756228 0.37442748091603056 0.6325593088631896 0.35076335877862597 0.6302738035379621
