5 0.4540772532188841 0.06509298998569385 0.41630901287553645 0.1005722460658083 0.4017167381974248 0.15092989985693847 0.3965665236051502 0.20472103004291844 0.3896995708154506 0.24477825464949926 0.44120171673819736 0.3065808297567954 0.4721030042918455 0.3088698140200286 0.5012875536480687 0.2642346208869814 0.5244635193133047 0.1932761087267525 0.5218884120171674 0.13032904148783978 0.5012875536480687 0.07195994277539343
5 0.6214592274678111 0.06165951359084407 0.5785407725321888 0.07195994277539343 0.5639484978540772 0.12231759656652359 0.5622317596566525 0.18183118741058654 0.5648068669527897 0.2310443490701001 0.5793991416309013 0.2836909871244635 0.6223175965665236 0.28826895565092986 0.6609442060085837 0.265379113018598 0.6824034334763949 0.23218884120171673 0.6909871244635192 0.1658082975679542 0.6901287553648069 0.11545064377682403 0.6575107296137339 0.06509298998569385
1 0.3854077253218884 0.24821173104434907 0.35708154506437767 0.25393419170243203 0.33476394849785407 0.30085836909871244 0.29957081545064373 0.3569384835479256 0.3004291845493562 0.29971387696709584 0.28841201716738196 0.34778254649499285 0.28841201716738196 0.2848354792560801 0.26609442060085836 0.3306151645207439 0.25236051502145923 0.29742489270386263 0.24120171673819743 0.2859799713876967 0.20085836909871244 0.3443490701001431 0.16394849785407722 0.4610872675250357 0.2240343347639485 0.5183118741058654 0.248068669527897 0.5034334763948498 0.24120171673819743 0.689985693848355 0.296137339055794 0.7071530758226037 0.32188841201716734 0.7746781115879829 0.3278969957081545 0.788412017167382 0.30643776824034336 0.7861230329041488 0.31244635193133047 0.7987124463519314 0.45150214592274684 0.7964234620886982 0.5030042918454936 0.7597997138769671 0.502145922746781 0.7449213161659514 0.5158798283261802 0.6945636623748213 0.5150214592274679 0.6213161659513591 0.5081545064377683 0.5686695278969957 0.5321888412017167 0.5091559370529327 0.5450643776824033 0.5228898426323318 0.5407725321888412 0.38898426323319024 0.5098712446351932 0.3088698140200286 0.47982832618025756 0.3031473533619456 0.45751072961373385 0.31917024320457793 0.41716738197424896 0.3031473533619456 0.3888412017167382 0.2836909871244635 0.3802575107296137 0.26995708154506437
1 0.5871244635193134 0.2928469241773963 0.6008583690987125 0.34778254649499285 0.6248927038626609 0.3683834048640915 0.6540772532188841 0.3603719599427754 0.6755364806866954 0.3054363376251788 0.6763948497854078 0.259656652360515 0.6729613733905578 0.24020028612303287 0.6927038626609442 0.2630901287553648 0.7072961373390558 0.2939914163090129 0.767381974248927 0.3088698140200286 0.8197424892703862 0.3454935622317597 0.869527896995708 0.40271816881258937 0.9278969957081544 0.46452074391988557 0.9562231759656652 0.519456366237482 0.9639484978540772 0.596137339055794 0.959656652360515 0.6110157367668096 0.9407725321888413 0.6133047210300429 0.8678111587982833 0.5984263233190271 0.8609442060085837 0.6018597997138769 0.8480686695278968 0.5743919885550787 0.8206008583690987 0.5469241773962804 0.7862660944206009 0.5446351931330472 0.7587982832618024 0.567525035765379 0.7648068669527898 0.5984263233190271 0.7768240343347639 0.6499284692417739 0.7793991416309013 0.7002861230329042 0.7776824034334764 0.728898426323319 0.7922746781115879 0.870815450643777 0.7854077253218884 0.8845493562231761 0.7098712446351931 0.9040057224606581 0.6060085836909871 0.8753934191702433 0.5991416309012875 0.8273247496423463 0.5871244635193134 0.8479256080114449 0.5648068669527897 0.8387696709585122 0.536480686695279 0.7746781115879829 0.5587982832618025 0.6648068669527897 0.5484978540772532 0.5515021459227467 0.5433476394849786 0.5034334763948498 0.542489270386266 0.38097281831187413 0.5072961373390558 0.307725321888412 0.47982832618025756 0.3042918454935622 0.5055793991416309 0.2608011444921316 0.567381974248927 0.2608011444921316
1 0.0025751072961373465 0.4668097281831188 0.036909871244635184 0.5125894134477825 0.047210300429184546 0.5240343347639486 0.0849785407725322 0.5331902718168813 0.22660944206008582 0.6773962804005722 0.192274678111588 0.7529327610872676 0.08412017167381976 0.697997138769671 0.0 0.6651421222236672 0.0 0.4656652360515022
2 0.248068669527897 0.776967095851216 0.3648068669527897 0.8170243204577968 0.42489270386266087 0.82274678111588 0.4995708154506438 0.776967095851216 0.49699570815450644 0.9234620886981402 0.5060917942476459 0.9973333333333333 0.41545064377682406 0.9932761087267525 0.4094420600858369 0.957796852646638 0.4128309012875536 0.9973333333333333 0.2652360515021459 0.9955650929899857 0.24120171673819743 0.82274678111588
2 0.5433476394849786 0.7929899856938484 0.5407725321888412 0.9497854077253218 0.5464458642216153 0.9973333333333333 0.6437768240343348 0.9973333333333333 0.7836909871244634 0.9973333333333333 0.7828326180257511 0.8799713876967097 0.7193133047210302 0.9028612303290415 0.6557939914163089 0.8902718168812589 0.6068669527896996 0.8731044349070102 0.5965665236051503 0.8261802575107297 0.5896995708154507 0.8490701001430616 0.5656652360515022 0.8467811158798284
6 0.8669527896995708 0.6030042918454935 0.8248927038626609 0.680829756795422 0.7905579399141631 0.7266094420600858 0.7630901287553647 0.7391988555078685 0.7218884120171674 0.7483547925608012 0.697854077253219 0.771244635193133 0.6841201716738197 0.776967095851216 0.6832618025751074 0.7929899856938484 0.7313304721030043 0.7643776824034335 0.6798283261802576 0.8101573676680973 0.6789699570815451 0.8170243204577968 0.6866952789699572 0.82274678111588 0.7107296137339055 0.7987124463519314 0.7373390557939913 0.7872675250357655 0.7184549356223177 0.8078683834048641 0.696137339055794 0.825035765379113 0.6892703862660944 0.8341917024320459 0.6969957081545065 0.836480686695279 0.7184549356223177 0.82274678111588 0.728755364806867 0.8124463519313305 0.7399141630901288 0.8078683834048641 0.7459227467811158 0.8078683834048641 0.7424892703862661 0.8273247496423463 0.7218884120171674 0.8456366237482118 0.7218884120171674 0.8525035765379113 0.728755364806867 0.8559370529327611 0.7545064377682404 0.8330472103004292 0.7811158798283261 0.8147353361945637 0.8077253218884121 0.7952789699570816 0.8369098712446352 0.7609442060085838 0.9364806866952791 0.6144492131616596
6 0.15965665236051502 0.46909871244635193 0.11759656652360516 0.55379113018598 0.07553648068669529 0.7517882689556511 0.03175965665236052 0.8044349070100143 0.024034334763948492 0.8078683834048641 0.02317596566523605 0.8319027181688127 0.03175965665236052 0.8628040057224607 0.03948497854077254 0.8765379113018599 0.049785407725321904 0.8811158798283262 0.06952789699570815 0.8937052932761088 0.0849785407725322 0.8902718168812589 0.0738197424892704 0.878826895565093 0.0626609442060086 0.8547925608011445 0.07725321888412018 0.8273247496423463 0.08927038626609442 0.830758226037196 0.0849785407725322 0.853648068669528 0.0815450643776824 0.8685264663805438 0.08326180257510728 0.8742489270386267 0.0927038626609442 0.8753934191702433 0.11244635193133047 0.8467811158798284 0.11416309012875536 0.7861230329041488 0.11072961373390558 0.7792560801144492 0.17682403433476396 0.6144492131616596 0.21545064377682405 0.5309012875536481 0.19141630901287557 0.49542203147353364 0.1854077253218884 0.48168812589413446
6 0.3407725321888412 0.20128755364806866 0.39484978540772536 0.20128755364806866 0.39055793991416304 0.24134477825464948 0.3587982832618026 0.24935622317596567 0.35107296137339056 0.27682403433476394 0.3278969957081545 0.31230329041487837 0.3158798283261802 0.307725321888412 0.33304721030042916 0.27796852646638054 0.3210300429184549 0.27567954220314733 0.3098712446351931 0.33290414878397706 0.29699570815450643 0.3397711015736767 0.30643776824034336 0.2814020028612303 0.2866952789699571 0.3443490701001431 0.27553648068669523 0.3454935622317597 0.28412017167381975 0.2825464949928469 0.26351931330472106 0.3283261802575107 0.2540772532188841 0.31917024320457793 0.27038626609442057 0.27567954220314733 0.2575107296137339 0.3031473533619456 0.2515021459227468 0.29971387696709584 0.2575107296137339 0.2619456366237482 0.2849785407725322 0.2344778254649499
