5 0.15687022900763356 0.025757645015312906 0.13244274809160306 0.04518444027974587 0.11793893129770991 0.12174886867486402 0.13320610687022902 0.18574301778123145 0.15229007633587788 0.19031402843168627 0.18893129770992367 0.21431183434657408 0.21259541984732824 0.1960277917447548 0.22251908396946568 0.1388901586140696 0.2278625954198473 0.07146775151986107 0.21030534351145036 0.018901129039630687
5 0.49274809160305344 0.049755450930200694 0.4484732824427481 0.0817525254833844 0.42786259541984734 0.15146043790282032 0.4217557251908397 0.18345751245600403 0.41564885496183207 0.23259587694839332 0.4217557251908397 0.2520226722128263 0.4316793893129771 0.27487772546510036 0.4545801526717557 0.27144946747725923 0.4866412213740458 0.27373497280248665 0.5248091603053435 0.29659002605476076 0.5492366412213741 0.30230378936782926 0.5591603053435115 0.2543081775380537 0.5667938931297709 0.22231110298486997 0.5583969465648855 0.17888650180554921 0.564503816793893 0.13660465328884216 0.5599236641221375 0.08632353613383922
5 0.39427480916030533 0.042898934954518464 0.36755725190839694 0.06803949353201996 0.36374045801526717 0.10346482607304476 0.37442748091603056 0.15146043790282032 0.3919847328244275 0.18345751245600403 0.40572519083969466 0.19945604973259592 0.41870229007633586 0.18688577044384516 0.42709923664122135 0.14917493257759293 0.4370229007633588 0.11946336334963663 0.4362595419847328 0.07261050418247476 0.4179389312977099 0.053183708918041805
1 0.1446564885496183 0.19259953375691366 0.0583969465648855 0.22688211363532482 0.03931297709923663 0.4622891621337477 0.07442748091603053 0.642844082826713 0.1248091603053435 0.6245600402248938 0.14083969465648852 0.6542716094528499 0.2820610687022901 0.6359875668510308 0.32251908396946566 0.4325775929057914 0.29809160305343513 0.27259222013987294 0.3049618320610687 0.23488138227362074 0.28587786259541986 0.20745531837089182 0.21870229007633588 0.19374228641952737 0.18816793893129774 0.21774009233441516
1 0.3721374045801527 0.16517346985418477 0.3202290076335878 0.20288430772043703 0.316412213740458 0.27716323079032773 0.3286259541984733 0.3605841751611282 0.34541984732824427 0.2897335100790785 0.41870229007633586 0.2543081775380537 0.41335877862595416 0.23259587694839332 0.4232824427480916 0.18917127576907256 0.40648854961832065 0.2040270603830507
1 0.41564885496183207 0.25316542487543997 0.3484732824427481 0.28859075741646484 0.32099236641221374 0.42572107693010924 0.2767175572519084 0.7434063171367189 0.3293893129770992 0.7502628331124012 0.38587786259541984 0.847396809434566 0.39961832061068703 0.8496823147597934 0.4400763358778626 0.7216940165470586 0.44694656488549617 0.693125199981716 0.5080152671755724 0.6759839100425103 0.5270992366412214 0.6474150934771677 0.5408396946564885 0.8188279928692233 0.5454198473282442 0.68512593134342 0.5744274809160305 0.6794121680303514 0.5942748091603054 0.3171595739818074 0.5591603053435115 0.27716323079032773 0.5484732824427481 0.30687480001828404 0.5240458015267175 0.30687480001828404 0.49274809160305344 0.3685834437994241 0.4553435114503817 0.27830598345294144 0.43778625954198475 0.2851624994286237
2 0.11870229007633587 0.6245600402248938 0.11564885496183204 0.6874114366686473 0.15992366412213738 0.9959546555743475 0.20206106870229035 0.9970059880239521 0.19580152671755724 0.6611281254285322 0.21259541984732824 0.6554143621154637 0.24007633587786262 0.9948119029117338 0.2759541984732824 0.9959546555743475 0.2683206106870229 0.7468345751245601 0.283587786259542 0.6291310508753485 0.14236641221374044 0.6531288567902362
2 0.5293893129770992 0.6485578461397815 0.5080152671755724 0.6805549206929652 0.46603053435114505 0.7148375005713763 0.44541984732824424 0.7125519952461489 0.4019083969465649 0.8519678200850208 0.3843511450381679 0.8485395620971797 0.3568702290076336 0.8039722082552453 0.3385496183206107 0.847396809434566 0.3148854961832061 0.9959546555743475 0.3713740458015267 0.9959546555743475 0.4110687022900763 0.9022489372400238 0.43778625954198475 0.8633953467111577 0.45 0.8074004662430864 0.46526717557251906 0.8691091100242263 0.47365812431842963 0.9970059880239521 0.5301526717557252 0.9970059880239521 0.5423664122137404 0.8211134981944507
5 0.7637404580152671 0.12746263198793253 0.7874045801526718 0.12517712666270514 0.7996183206106869 0.19145678109429995 0.8026717557251908 0.23716688759884816 0.7568702290076336 0.24173789824930295
1 0.7561068702290077 0.24402340357453034 0.732442748091603 0.3194450793070348 0.7248091603053436 0.5239978059148878 0.8011450381679389 0.5228550532522741 0.832442748091603 0.5091420213009096 0.8255725190839694 0.39715226036476664 0.8133587786259542 0.36629793847419667 0.8194656488549619 0.27144946747725923 0.8064885496183206 0.23602413493623445
2 0.7293893129770992 0.5262833112401152 0.8019083969465648 0.5251405585775015 0.8003816793893129 0.5628513964437537 0.8064885496183206 0.6222745348996663
5 0.5744274809160305 0.037185171641449945 0.5927480916030534 0.03032865566576772 0.6187022900763359 0.05775471956849662 0.6049618320610687 0.12517712666270514 0.5790076335877863 0.12746263198793253 0.5950381679389314 0.09660831009736254 0.582824427480916 0.06118297755633773 0.5744274809160305 0.06118297755633773
1 0.6019083969465648 0.12060611601225031 0.6354961832061068 0.14117566393929698 0.6309160305343511 0.2543081775380537 0.6194656488549618 0.3445856378845363 0.5965648854961833 0.334300863921013 0.5958015267175573 0.3125885633313526 0.5576335877862596 0.27259222013987294 0.5667938931297709 0.21088357635873295 0.5553435114503817 0.17545824381770808 0.564503816793893 0.13546190062622848
2 0.6209923664122138 0.34572839054715 0.6080152671755725 0.5365680852036385 0.5812977099236641 0.542281848516707 0.598091603053435 0.33201535859578557
