5 0.3977011494252874 0.14087607937324864 0.3616858237547893 0.07339738091153424 0.31647509578544064 0.040229885057471215 0.2758620689655173 0.05624177960770854 0.2574712643678161 0.08826556870818317 0.24367816091954023 0.11800194430148105 0.23984674329501918 0.22207925887802366 0.2482758620689655 0.25524675473208663 0.2996168582375479 0.2929890776005032 0.335632183908046 0.32386915994738946 0.3517241379310345 0.3273002802081546 0.35402298850574715 0.30213873162921023 0.36551724137931035 0.2735460627895007 0.3777777777777778 0.2735460627895007 0.38773946360153255 0.2609652885000286 0.37547892720306514 0.23580373992108417 0.3816091954022989 0.21979184537084687 0.3846743295019157 0.1946302967919025 0.3908045977011495 0.16946874821295813 0.3969348659003832 0.16489392119860463
5 0.08045977011494253 0.22207925887802366 0.08045977011494253 0.2003488305598444 0.062068965517241385 0.18090581574884193 0.024521072796934867 0.17404357522731168 0.0007662835249042104 0.18433693600960707 0.0 0.2792645965574426 0.02145593869731801 0.30785726539715214 0.036781609195402305 0.3261565734545662 0.06590038314176246 0.33759364099045003 0.08429118773946362 0.32501286670097784 0.09118773946360154 0.29070166409332643 0.09195402298850576 0.26668382226797044 0.08888888888888889 0.2449533939497912
5 0.1371647509578544 0.20721107108137468 0.1524904214559387 0.20949848458855144 0.17088122605363987 0.19806141705266764 0.17547892720306515 0.22894149939955388 0.16551724137931034 0.24380968719620286 0.15019157088122606 0.23580373992108417
5 0.44750957854406137 0.2415222736890261 0.42758620689655175 0.2746897695430891 0.4245210727969349 0.3090009721507405 0.42758620689655175 0.35474924229427574 0.4344827586206897 0.3844856178875736 0.44980842911877394 0.39592268542345743 0.47586206896551725 0.38334191113398525 0.49501915708812266 0.36275518956939434 0.5026819923371648 0.33301881397609645 0.5042145593869732 0.29070166409332643 0.49808429118773945 0.26554011551438206 0.4842911877394636 0.2518156344713215
5 0.6383141762452107 0.30785726539715214 0.6183908045977011 0.30671355864356376 0.5915708812260536 0.34788700177274545 0.5816091954022988 0.3638988963229827 0.5747126436781609 0.38334191113398525 0.5793103448275861 0.38906044490192715 0.5762452107279694 0.4222279407559902 0.5831417624521072 0.46111397037799506 0.6015325670498084 0.47255103791387887 0.6406130268199234 0.4588265568708183 0.6597701149425287 0.44281466232058103 0.6720306513409962 0.4153657002344599 0.6812260536398468 0.37991079087322005 0.6796934865900384 0.3364499342368616 0.6704980842911877 0.32386915994738946 0.653639846743295 0.3112883856579173
5 0.7524904214559387 0.4622576771315835 0.7049808429118773 0.4382398353062275 0.671264367816092 0.4473894893349345 0.6567049808429118 0.4714073311602905 0.6413793103448275 0.5011437067535884 0.6337164750957854 0.5320237891004747 0.6229885057471264 0.5457482701435352 0.628352490421456 0.5640475782009493 0.6291187739463601 0.5823468862583633 0.6352490421455939 0.5926402470406588 0.6306513409961685 0.6132269686052496 0.6421455938697318 0.6258077428947219 0.6743295019157087 0.6223766226339567 0.6980842911877395 0.6189455023731916 0.7203065134099617 0.6086521415908961 0.7325670498084291 0.6155143821124264 0.7578544061302682 0.5972150740550123 0.774712643678161 0.557185337679419 0.7724137931034483 0.5194430148110024 0.7639846743295019 0.48284439869617435
5 0.4245210727969349 0.13172642534454163 0.41302681992337165 0.15803168067707435 0.4099616858237548 0.17404357522731168 0.4091954022988506 0.1889117630239606 0.41302681992337165 0.20721107108137468 0.4245210727969349 0.22207925887802366 0.4383141762452108 0.24037856693543772 0.4582375478927203 0.23694744667467257 0.46973180076628357 0.21521701835649337 0.46973180076628357 0.18433693600960707 0.46360153256704983 0.16489392119860463 0.4574712643678161 0.14201978612683702 0.44750957854406137 0.12829530508377648
5 0.4191570881226054 0.13401383885171836 0.41762452107279696 0.09169668896894831 0.42681992337164754 0.07797220792588776 0.43984674329501916 0.075684794418711 0.45517241379310347 0.08826556870818317 0.46130268199233715 0.1145708240407159 0.45517241379310347 0.13630125235889512 0.4467432950191571 0.12943901183736484
5 0.4881226053639848 0.1374449591124835 0.5517241379310345 0.11571453079430429 0.5563218390804597 0.15803168067707435 0.5578544061302683 0.17404357522731168 0.5264367816091954 0.2003488305598444 0.5172413793103448 0.21636072511008173 0.49961685823754787 0.21178589809572823 0.4873563218390805 0.16946874821295813
5 0.5777777777777777 0.06882255389718071 0.5892720306513409 0.07797220792588776 0.5969348659003831 0.09741522273689021 0.5923371647509579 0.10885229027277402 0.5862068965517241 0.12257677131583457 0.5770114942528735 0.13401383885171836 0.5655172413793104 0.12486418482301133 0.5662835249042145 0.09741522273689021 0.5655172413793104 0.07682850117229938
5 0.6183908045977011 0.15917538743066273 0.6367816091954023 0.15803168067707435 0.6436781609195402 0.1728998684737233 0.6513409961685823 0.190055469777549 0.6482758620689655 0.21178589809572823 0.6421455938697318 0.23351632641390743 0.6291187739463601 0.26439640876079373 0.6168582375478927 0.2621089952536169 0.6099616858237548 0.21636072511008173 0.6061302681992337 0.18548064276319548
5 0.6766283524904214 0.19920512380625605 0.6467432950191571 0.21979184537084687 0.6352490421455939 0.2689712357751472 0.6367816091954023 0.3032824383827986 0.6781609195402298 0.32958769371533136 0.6827586206896551 0.37304855035168977 0.6942528735632184 0.38677303139475033 0.7103448275862069 0.37991079087322005 0.7187739463601532 0.35474924229427574 0.7279693486590038 0.3318751072225081 0.7310344827586207 0.32386915994738946 0.7295019157088123 0.29527649110767995 0.735632183908046 0.26668382226797044 0.7325670498084291 0.23694744667467257 0.7126436781609196 0.2014925373134328
5 0.7923371647509578 0.2243666723852004 0.7931034482758621 0.27240235603591234 0.789272030651341 0.2861268370789729 0.7954022988505747 0.32501286670097784 0.7984674329501915 0.33530622748327327 0.8183908045977012 0.3513181220335106 0.849808429118774 0.32386915994738946 0.8697318007662835 0.30213873162921023 0.8758620689655172 0.27125864928232396 0.878927203065134 0.23122891290673067 0.8582375478927202 0.19234288328472576 0.8229885057471263 0.1946302967919025 0.7984674329501915 0.21292960484931658
5 0.9578544061302682 0.3982100989306342 0.9141762452107279 0.41765311374163666 0.8904214559386974 0.46797621089952535 0.8773946360153256 0.514868187796649 0.8835249042145593 0.5686224052153028 0.8766283524904215 0.6075084348373078 0.8743295019157088 0.6223766226339567 0.888888888888889 0.638388517184194 0.9057471264367817 0.6829930805741408 0.9080459770114943 0.7115857494138503 0.942528735632184 0.7241665237033225 0.9685823754789272 0.7184479899353806 0.998 0.7031316286783138 0.998 0.3936352719162806
5 0.9080459770114943 0.17976210899525358 0.9379310344827586 0.16260650769142787 0.9639846743295019 0.1557442671698976 0.9846743295019156 0.1614628009378395 0.998 0.17780024344615183 0.9977011494252873 0.1786184022416652 0.9969348659003832 0.304426145136387 0.981609195402299 0.3444558815119803 0.946360153256705 0.37190484359810144 0.9233716475095786 0.370761136844513 0.9049808429118774 0.35589294904786406 0.8988505747126437 0.33530622748327327 0.8996168582375478 0.3147195059186824 0.896551724137931 0.29985131812203347 0.89272030651341 0.28269571681820777 0.888888888888889 0.2460971007033796 0.8957854406130268 0.2243666723852004
5 0.9923371647509579 0.12257677131583457 0.9731800766283525 0.11342711728712754 0.9624521072796934 0.12372047806942293 0.9494252873563218 0.1397323726196603 0.946360153256705 0.15917538743066273 0.9731800766283525 0.15345685366272083 0.9954022988505747 0.14430719963401378
5 0.8904214559386974 0.12829530508377648 0.8957854406130268 0.11342711728712754 0.9157088122605365 0.09398410247612507 0.939463601532567 0.11228341053353914 0.939463601532567 0.12372047806942293 0.9356321839080459 0.1488820266483673
5 0.89272030651341 0.12943901183736484 0.8735632183908045 0.13858866586607188 0.8605363984674329 0.1546005604163092 0.8567049808429118 0.1889117630239606 0.8766283524904215 0.21178589809572823 0.8842911877394636 0.2300852061531423 0.8881226053639847 0.2300852061531423 0.9072796934865901 0.1774746954880768 0.9363984674329502 0.1603190941842511 0.9172413793103448 0.14545090638760216
5 0.7042145593869732 0.19348659003831412 0.7034482758620689 0.1614628009378395 0.7210727969348659 0.14773831989477892 0.7348659003831417 0.1397323726196603 0.7555555555555555 0.1431634928804254 0.7655172413793103 0.16260650769142787 0.7685823754789272 0.190055469777549 0.7624521072796935 0.2083547778349631 0.7601532567049808 0.21864813861725851 0.746360153256705 0.2392348601818493 0.7302681992337164 0.20949848458855144
5 0.35862068965517246 0.29527649110767995 0.3601532567049809 0.3273002802081546 0.3486590038314176 0.3776233773660433 0.324904214559387 0.34788700177274545 0.31724137931034485 0.3364499342368616 0.324904214559387 0.33301881397609645 0.34712643678160926 0.3318751072225081 0.35325670498084294 0.32043803968662427
5 0.6137931034482759 0.15688797392348597 0.6183908045977011 0.12715159833018808 0.6398467432950191 0.1099959970263624 0.6567049808429118 0.11800194430148105 0.660536398467433 0.14773831989477892 0.6582375478927203 0.17404357522731168 0.6490421455938697 0.18090581574884193 0.6383141762452107 0.1546005604163092
5 0.7019157088122605 0.15803168067707435 0.6988505747126436 0.11685823754789268 0.70727969348659 0.10656487676559724 0.7157088122605364 0.10542117001200887 0.7348659003831417 0.11342711728712754 0.7348659003831417 0.12715159833018808 0.7233716475095786 0.14087607937324864
5 0.7586206896551725 0.12143306456224619 0.7655172413793103 0.08254703494024128 0.7808429118773946 0.058529193114885296 0.7969348659003831 0.057385486361296915 0.810727969348659 0.08025962143306452 0.8130268199233716 0.09512780922971346 0.8076628352490421 0.12028935780865782 0.7992337164750958 0.12715159833018808 0.7908045977011494 0.12486418482301133 0.7754789272030651 0.13401383885171836
0 0.1310344827586207 0.1786184022416652 0.13946360153256707 0.2060673643277863 0.16015325670498087 0.19806141705266764 0.17547892720306515 0.19119917653113735 0.17011494252873563 0.16375021444501625 0.1524904214559387 0.1671813347057814
0 0.46360153256704983 0.10084634299765534 0.4865900383141763 0.0814033281866529 0.5218390804597701 0.08254703494024128 0.5532567049808429 0.0928403957225367 0.5509578544061302 0.1099959970263624 0.488888888888889 0.13630125235889512 0.4796934865900384 0.1374449591124835 0.4766283524904215 0.13058271859095322 0.4804597701149426 0.12257677131583457 0.4735632183908046 0.10885229027277402
1 0.22911877394636018 0.24838451421055635 0.2888888888888889 0.29070166409332643 0.30651340996168586 0.3170069194258591 0.3264367816091954 0.34903070852633383 0.3670498084291188 0.4165094069880483 0.38084291187739466 0.4439583690741694 0.3931034482758621 0.48284439869617435 0.40076628352490423 0.5011437067535884 0.42911877394636017 0.5377423228684165 0.4367816091954023 0.575484645736833 0.4337164750957855 0.6235203293875451 0.41609195402298854 0.6944301481100246 0.4199233716475096 0.8991536570023445 0.357088122605364 0.9769257162463544 0.27049808429118777 0.9746383027391776 0.24137931034482762 0.9586264081889403 0.22068965517241385 0.8248127180190999 0.221455938697318 0.7699147938468577 0.2168582375478927 0.6990049751243782 0.21226053639846743 0.6280951564018985 0.1869731800766284 0.5354549093612399 0.17471264367816092 0.4542517298564648 0.1885057471264368 0.39020415165551553
1 0.08659003831417626 0.32043803968662427 0.11264367816091957 0.33301881397609645 0.14559386973180077 0.3341625207296849 0.17931034482758623 0.42451535426316694 0.17164750957854408 0.46683250414593697 0.189272030651341 0.5594727511865958 0.21455938697318008 0.6452507577057243 0.21149425287356324 0.6738434265454337 0.1885057471264368 0.6749871332990222 0.1869731800766284 0.7218791101961457 0.14329501915708814 0.7401784182535598 0.11877394636015327 0.7081546291530851 0.0022988505747126454 0.43366500829187393 0.0007662835249042104 0.36504260307657116 0.0 0.27812088980385424 0.017624521072796932 0.29985131812203347 0.03295019157088122 0.34102476125121517 0.04750957854406131 0.3513181220335106 0.062068965517241385 0.3513181220335106
1 0.1256704980842912 0.7401784182535598 0.09195402298850576 0.7687710870932692 0.014559386973180075 0.5651912849545376 0.036781609195402305 0.7390347114999714 0.06743295019157088 0.8476868530908674 0.062068965517241385 0.8774232286841654 0.022222222222222223 0.8328186652942186 0.0 0.7584777263109739 0.0 0.4256590610167553
1 0.5793103448275861 0.4622576771315835 0.5601532567049807 0.4565391433636416 0.5310344827586208 0.47598215817464407 0.4865900383141763 0.5640475782009493 0.4590038314176246 0.6166580888660147 0.44980842911877394 0.6338136901698405 0.4597701149425288 0.6589752387487848 0.4666666666666667 0.6795619603133757 0.47509578544061304 0.680705667066964 0.4957854406130269 0.6624063590095499 0.5057471264367817 0.6715560130382571 0.5042145593869732 0.7001486818779665 0.5356321839080459 0.7733459141076228 0.5770114942528735 0.8099445302224509 0.6260536398467433 0.8316749585406301 0.6137931034482759 0.7950763424258019 0.5946360153256705 0.7024360953851433 0.6007662835249042 0.6681248927774919 0.6222222222222221 0.638388517184194 0.6375478927203065 0.5949276605478356 0.6229885057471264 0.548035683650712 0.6467432950191571 0.4988562932464116 0.6597701149425287 0.45768285011723 0.6551724137931034 0.4565391433636416 0.6229885057471264 0.47826957168182077 0.5938697318007663 0.48284439869617435
1 0.6620689655172414 0.6406759306913707 0.628352490421456 0.6109395550980729 0.6222222222222221 0.6418196374449591 0.603831417624521 0.6635500657631384 0.5938697318007663 0.7012923886315549 0.5310344827586208 0.7092983359066736 0.5264367816091954 0.7687710870932692 0.5770114942528735 0.7870703951506833 0.610727969348659 0.7985074626865671 0.6229885057471264 0.8316749585406301 0.61455938697318 0.9128781380454051 0.6528735632183909 0.8968662434951677 0.7233716475095786 0.8453994395836907 0.7724137931034483 0.8465431463372791 0.7693486590038313 0.9174529650597585 0.7938697318007664 0.9551952879281752 0.8015325670498085 0.9163092583061703 0.8559386973180076 0.8694172814090466 0.842911877394636 0.8110882369760394 0.8475095785440613 0.7596214330645622 0.8022988505747126 0.653256704980843 0.7739463601532567 0.6155143821124264 0.7455938697318008 0.6017899010693658 0.7157088122605364 0.6303825699090754 0.6988505747126436 0.638388517184194 0.6781609195402298 0.6441070509521359
1 0.9019157088122605 0.34903070852633383 0.871264367816092 0.37533596385886653 0.8681992337164751 0.4039286326985761 0.8567049808429118 0.4965688797392349 0.8521072796934865 0.5343112026076514 0.8352490421455939 0.5514668039114771 0.8314176245210727 0.5834905930119517 0.8007662835249042 0.6315262766626637 0.7961685823754788 0.638388517184194 0.8122605363984674 0.6452507577057243 0.8482758620689654 0.6212329158803682 0.8452107279693487 0.7367472979927947 0.8513409961685824 0.8248127180190999 0.8666666666666666 0.8453994395836907 0.8896551724137931 0.8271001315262765 0.9149425287356322 0.7756333276147994 0.9371647509578543 0.7264539372104992 0.9103448275862068 0.7150168696746154 0.8988505747126437 0.6624063590095499 0.8743295019157088 0.6189455023731916 0.8812260536398467 0.5640475782009493 0.8735632183908045 0.5102933607822955 0.89272030651341 0.4634013838851719 0.9103448275862068 0.4222279407559902 0.960919540229885 0.39477897866986905 0.9954022988505747 0.39592268542345743 0.9961685823754789 0.3055698518899754 0.98544061302682 0.3387373477440384 0.9478927203065134 0.3696174300909246 0.9272030651340996 0.37419225710527815
1 0.943295019157088 0.7241665237033225 0.9241379310344828 0.7539028992966204 0.9080459770114943 0.8019385829473322 0.8850574712643678 0.8419683193229255 0.8605363984674329 0.855692800365986 0.8099616858237548 0.90944701778464 0.8045977011494252 0.9140218447989935 0.8291187739463602 0.9208840853205237 0.8475095785440613 0.975782009492766 0.8559386973180076 0.9963687310573568 0.8654636015325687 0.9970149253731343 0.998 0.996371002063479 0.998 0.7344598844856179 0.9624521072796934 0.765339966832504 0.9601532567049809 0.737891004746383
1 0.7218390804597701 0.35017441527992216 0.7563218390804598 0.37876708411963167 0.7708812260536398 0.4874192257105278 0.7517241379310344 0.46454509063876026 0.7118773946360153 0.43595242179905075 0.6620689655172414 0.4473894893349345 0.668199233716475 0.42108423400240175 0.6819923371647509 0.37533596385886653 0.6942528735632184 0.38562932464116206 0.7134099616858237 0.37533596385886653
1 0.7900383141762451 0.328443986961743 0.7647509578544062 0.3444558815119803 0.7532567049808429 0.37304855035168977 0.7701149425287356 0.4942814662320581 0.7754789272030651 0.5228741350717676 0.7931034482758621 0.5388860296220049 0.810727969348659 0.5205867215645908 0.8551724137931035 0.4977125864928232 0.8697318007662835 0.37419225710527815 0.8812260536398467 0.35703665580145244 0.8689655172413793 0.346743295019157 0.8597701149425288 0.3341625207296849 0.8513409961685824 0.3261565734545662 0.8237547892720306 0.3638988963229827 0.8053639846743295 0.35703665580145244
1 0.1417624521072797 0.2415222736890261 0.12337164750957856 0.26554011551438206 0.11264367816091957 0.29642019786126833 0.13946360153256707 0.31243209241150566 0.1417624521072797 0.33530622748327327 0.1624521072796935 0.37533596385886653 0.178544061302682 0.41765311374163666 0.2245210727969349 0.26668382226797044 0.20153256704980846 0.24037856693543772 0.17931034482758623 0.23122891290673067 0.16475095785440616 0.2586778749928518 0.15095785440613027 0.2449533939497912
1 0.767816091954023 0.21636072511008173 0.7586206896551725 0.24952822096414473 0.7478927203065134 0.2632527020072053 0.7540229885057471 0.2975639046148567 0.7701149425287356 0.3387373477440384 0.78544061302682 0.3273002802081546 0.7915708812260537 0.2849831303253845 0.789272030651341 0.247240807456968 0.7754789272030651 0.223222965631612
1 0.3624521072796935 0.37190484359810144 0.4099616858237548 0.39477897866986905 0.38773946360153255 0.4107908732201064 0.38084291187739466 0.44167095556699265 0.3632183908045977 0.41422199348087146
1 0.42835249042145596 0.38219820438039687 0.38773946360153255 0.41193457997369476 0.38084291187739466 0.4553954366100532 0.3961685823754789 0.4954251729856465 0.4436781609195402 0.509149654028707 0.43908045977011495 0.5526105106650655 0.4383141762452108 0.5857780065191285 0.43908045977011495 0.6040773145765426 0.44980842911877394 0.6303825699090754 0.4850574712643678 0.5640475782009493 0.5295019157088122 0.47826957168182077 0.5386973180076629 0.46454509063876026 0.5425287356321838 0.41994052724881337 0.49195402298850577 0.3764796706124549 0.4773946360153257 0.41422199348087146 0.45593869731800774 0.43023388803110885 0.4367816091954023 0.42680276777034365
1 0.5532567049808429 0.18319322925601872 0.5226053639846744 0.2060673643277863 0.5195402298850574 0.21636072511008173 0.5042145593869732 0.21407331160290496 0.5042145593869732 0.22207925887802366 0.5164750957854406 0.2392348601818493 0.5042145593869732 0.2746897695430891 0.5003831417624521 0.3433121747583919 0.49425287356321845 0.3764796706124549 0.5455938697318007 0.42108423400240175 0.539463601532567 0.47255103791387887 0.563984674329502 0.4531080231028764 0.5777777777777777 0.45768285011723 0.5739463601532567 0.41994052724881337 0.5762452107279694 0.38334191113398525 0.5954022988505746 0.32386915994738946 0.6053639846743295 0.29413278435409157 0.6015325670498084 0.24952822096414473
1 0.6130268199233716 0.24380968719620286 0.6061302681992337 0.24838451421055635 0.6045977011494252 0.2918453708469148 0.5961685823754789 0.32958769371533136 0.6168582375478927 0.30671355864356376 0.6360153256704981 0.30671355864356376 0.6352490421455939 0.26668382226797044 0.6252873563218391 0.2746897695430891 0.6160919540229884 0.2689712357751472
1 0.5655172413793104 0.13630125235889512 0.5800766283524904 0.1374449591124835 0.5915708812260536 0.12372047806942293 0.6122605363984673 0.13515754560530674 0.6137931034482759 0.15345685366272083 0.6061302681992337 0.18090581574884193 0.6068965517241379 0.2415222736890261 0.5946360153256705 0.2392348601818493 0.5555555555555556 0.19119917653113735 0.5586206896551724 0.16603762795219298 0.5555555555555556 0.13515754560530674
1 0.4222222222222222 0.22894149939955388 0.40153256704980844 0.24380968719620286 0.38544061302682 0.2861268370789729 0.3770114942528736 0.38219820438039687 0.4053639846743295 0.39477897866986905 0.42911877394636017 0.38334191113398525 0.42758620689655175 0.304426145136387 0.43218390804597706 0.26439640876079373 0.45440613026819926 0.24266598044261445 0.47586206896551725 0.24952822096414473 0.4965517241379311 0.2609652885000286 0.5003831417624521 0.26439640876079373 0.5134099616858238 0.2449533939497912 0.5011494252873563 0.22093555212443525 0.47203065134099614 0.2175044318636701 0.45363984674329505 0.23809115342826095 0.4367816091954023 0.24037856693543772
1 0.7478927203065134 0.13058271859095322 0.757088122605364 0.12372047806942293 0.7777777777777777 0.1374449591124835 0.7969348659003831 0.12715159833018808 0.8206896551724139 0.13515754560530674 0.8268199233716476 0.190055469777549 0.7946360153256705 0.21407331160290496 0.7816091954022988 0.23237261966031902 0.7655172413793103 0.2083547778349631 0.7693486590038313 0.18433693600960707 0.7655172413793103 0.15803168067707435
2 0.14022988505747128 0.7573340195573856 0.13333333333333333 0.7504717790358553 0.15862068965517245 0.8682735746554582 0.189272030651341 0.9963687310573568 0.13946360153256707 0.9963687310573568 0.08505747126436781 0.7676273803396808 0.12337164750957856 0.7161605764282039 0.14636015325670498 0.7390347114999714 0.19003831417624523 0.7138731629210271 0.21609195402298856 0.8202378910047463 0.24137931034482762 0.966632355464059 0.20613026819923375 0.9952250243037686 0.1992337164750958 0.9952250243037686
2 0.271264367816092 0.975782009492766 0.28122605363984676 0.9940813175501801 0.4222222222222222 0.9952250243037686 0.42068965517241386 0.900297363755933 0.3593869731800767 0.9734945959855892
2 0.47203065134099614 0.7836392748899182 0.47432950191570883 0.8636987476411048 0.488888888888889 0.9917939040430034 0.43984674329501916 0.9917939040430034 0.42145593869731807 0.8888602962200491 0.44137931034482764 0.8076571167152742 0.42988505747126443 0.7447532452679134 0.44980842911877394 0.765339966832504 0.4674329501915709 0.7584777263109739 0.5203065134099617 0.7550466060502088 0.5340996168582375 0.8271001315262765 0.5333333333333332 0.879710642191342 0.5432950191570881 0.9929376107965917 0.5139281609195395 0.9970149253731343 0.4850574712643678 0.8865728827128724 0.4865900383141763 0.8248127180190999
2 0.5325670498084292 0.7847829816435066 0.5417624521072796 0.8694172814090466 0.5455789887794198 0.9970149253731343 0.557088122605364 0.9970149253731343 0.5793103448275861 0.9391833933779379 0.6153256704980843 0.9083033110310516 0.6237547892720307 0.8305312517870417 0.5823754789272031 0.8088008234688625
2 0.06130268199233716 0.8819980556985189 0.019923371647509576 0.8248127180190999 0.0 0.7719480502976814 0.0 0.9895064905358265 0.08122605363984675 0.9917939040430034
2 0.04980842911877395 0.780208154629153 0.09501915708812263 0.9243152055812889 0.12183908045977011 0.9117344312918167 0.08429118773946362 0.7584777263109739 0.014559386973180075 0.5697661119688912 0.03984674329501916 0.7207354034425574 0.062068965517241385 0.765339966832504 0.056704980842911874 0.78935780865786
3 0.23984674329501918 0.9734945959855892 0.2513409961685824 0.9952250243037686 0.20306513409961688 0.9963687310573568
3 0.09501915708812263 0.9266026190884656 0.09578544061302682 0.9597701149425286 0.1157088122605364 0.9803568365071196 0.13256704980842912 0.975782009492766 0.12107279693486592 0.9140218447989935
6 0.4812260536398467 0.6875679075884943 0.50727969348659 0.7081546291530851 0.5279693486590038 0.7115857494138503 0.5287356321839081 0.7573340195573856 0.47432950191570883 0.7561903128037971 0.4628352490421456 0.7550466060502088 0.4735632183908046 0.7161605764282039
6 0.4344827586206897 0.6258077428947219 0.45593869731800774 0.6624063590095499 0.47126436781609204 0.7070109223994968 0.46973180076628357 0.7413221250071482 0.4567049808429119 0.7687710870932692 0.44980842911877394 0.7687710870932692 0.4582375478927203 0.7390347114999714 0.43984674329501916 0.7607651398181506 0.4459770114942529 0.7344598844856179 0.44291187739463606 0.6932864413564362 0.42988505747126443 0.6818493738205524 0.4367816091954023 0.737891004746383 0.4314176245210728 0.7527591925430319 0.42758620689655175 0.7458969520215016 0.41532567049808433 0.6887116143420827
6 0.09885057471264369 0.7744896208612111 0.11494252873563221 0.7996511694401556 0.11264367816091957 0.8076571167152742 0.11800766283524905 0.8168067707439811 0.11340996168582376 0.8248127180190999 0.12183908045977011 0.8328186652942186 0.12950191570881228 0.8305312517870417 0.14482758620689656 0.8053697032080973 0.135632183908046 0.7607651398181506 0.12413793103448276 0.7413221250071482 0.09808429118773947 0.7630525533253274
