5 0.2935622317596567 0.28941344778254646 0.33047210300429186 0.31459227467811157 0.3399141630901287 0.34663805436337625 0.34420600858369094 0.3866952789699571 0.334763948497854 0.4210300429184549 0.3210300429184549 0.4336194563662375 0.2798283261802575 0.4175965665236051 0.25836909871244634 0.4107296137339056 0.23004291845493563 0.3718168812589413 0.23862660944206007 0.3157367668097282 0.2609442060085837 0.28712446351931326 0.28326180257510725 0.29170243204577967
5 0.17167381974248927 0.3100143061516452 0.12446351931330471 0.30085836909871244 0.09356223175965667 0.31344778254649497 0.0575107296137339 0.4107296137339056 0.04377682403433479 0.5148783977110157 0.09699570815450645 0.4874105865522174 0.16652360515021458 0.4736766809728183 0.20000000000000004 0.4622317596566523 0.20858369098712448 0.4256080114449213 0.1991416309012876 0.39241773962804005 0.19742489270386263 0.3283261802575107 0.1811158798283262 0.3100143061516452
5 0.5776824034334763 0.26995708154506437 0.551931330472103 0.30085836909871244 0.551931330472103 0.34663805436337625 0.5888412017167381 0.3844062947067239 0.6180257510729614 0.3821173104434907 0.6317596566523604 0.35808297567954217 0.6266094420600858 0.3157367668097282 0.6248927038626609 0.29170243204577967 0.6051502145922747 0.27453505007153073 0.5896995708154505 0.26995708154506437
5 0.751931330472103 0.3168812589413448 0.7304721030042919 0.31230329041487837 0.7098712446351931 0.33519313304721027 0.7124463519313304 0.3798283261802575 0.7399141630901287 0.3958512160228898 0.7639484978540773 0.4084406294706724 0.7759656652360515 0.40500715307582263 0.7836909871244635 0.39012875536480685 0.7793991416309012 0.36494992846924174 0.7751072961373391 0.33633762517882687
1 0.08412017167381973 0.5068669527896995 0.051502145922746795 0.5492131616595135 0.054077253218884125 0.6545064377682404 0.10042918454935622 0.8570815450643777 0.10300429184549355 0.7895565092989987 0.12360515021459227 0.7643776824034335 0.11502145922746783 0.6579399141630901 0.1502145922746781 0.6579399141630901 0.15622317596566526 0.7609442060085838 0.1828326180257511 0.7952789699570816 0.23776824034334762 0.7907010014306152 0.2600858369098712 0.7311874105865522 0.3072961373390558 0.7391988555078685 0.3218884120171674 0.7540772532188842 0.36480686695278963 0.7449213161659514 0.3502145922746781 0.7197424892703863 0.3090128755364807 0.7117310443490701 0.2497854077253219 0.7174535050071531 0.23433476394849787 0.6178826895565093 0.2351931330472103 0.6018597997138769 0.2892703862660944 0.6213161659513591 0.37768240343347637 0.6648068669527897 0.3862660944206008 0.680829756795422 0.3974248927038626 0.6545064377682404 0.3965665236051502 0.6407725321888411 0.3218884120171674 0.5732474964234621 0.21545064377682402 0.49542203147353364 0.20085836909871246 0.4725321888412017 0.17682403433476399 0.4977110157367668 0.1424892703862661 0.5400572246065808
1 0.2609442060085837 0.4198855507868383 0.21802575107296135 0.4530758226037196 0.20858369098712448 0.47939914163090125 0.2703862660944206 0.6522174535050071 0.33218884120171677 0.6934191702432047 0.3613733905579398 0.6579399141630901 0.3836909871244635 0.6236051502145923 0.40686695278969953 0.6522174535050071 0.4231759656652361 0.6339055793991416 0.41974248927038627 0.5892703862660944 0.43776824034334766 0.5766809728183119 0.45665236051502145 0.5824034334763948 0.46523605150214586 0.5835479256080115 0.4128755364806867 0.48969957081545057 0.367381974248927 0.3763948497854077 0.34506437768240344 0.3775393419170243 0.3373390557939914 0.4187410586552217 0.3339055793991416 0.44163090128755367 0.3399141630901287 0.45422031473533614 0.33133047210300426 0.4633762517882689 0.3218884120171674 0.4484978540772532 0.296137339055794 0.43133047210300424
1 0.5536480686695279 0.3603719599427754 0.5381974248927038 0.3718168812589413 0.5030042918454936 0.3935622317596566 0.48154506437768235 0.4599427753934191 0.49098712446351933 0.5549356223175966 0.5407725321888411 0.5824034334763948 0.5716738197424893 0.5938483547925608 0.6 0.5812589413447782 0.5939914163090129 0.5549356223175966 0.607725321888412 0.5217453505007152 0.6274678111587982 0.5286123032904149 0.6429184549356223 0.5309012875536481 0.6420600858369098 0.5606580829756795 0.6721030042918454 0.5526466380543633 0.6652360515021458 0.4908440629470672 0.6781115879828326 0.4633762517882689 0.6463519313304721 0.39127324749642345 0.6240343347639484 0.3844062947067239 0.6025751072961373 0.38898426323319024
1 0.7133047210300428 0.3958512160228898 0.6755364806866953 0.4267525035765379 0.6721030042918454 0.4439198855507868 0.6781115879828326 0.45765379113018595 0.6686695278969956 0.4874105865522174 0.6721030042918454 0.5206008583690986 0.6875536480686695 0.5389127324749642 0.7064377682403433 0.5045779685264664 0.7339055793991416 0.5091559370529327 0.7356223175965665 0.5377682403433476 0.751931330472103 0.5331902718168813 0.7708154506437768 0.5469241773962804 0.7793991416309012 0.5217453505007152 0.8068669527896996 0.5228898426323318 0.806008583690987 0.5835479256080115 0.8515021459227466 0.5915593705293276 0.8618025751072962 0.5492131616595135 0.8437768240343348 0.4679542203147353 0.8257510729613734 0.42446351931330467 0.790557939914163 0.3947067238912732 0.7716738197424893 0.42446351931330467 0.7536480686695279 0.409585121602289
2 0.6489270386266094 0.5755364806866953 0.6832618025751073 0.5595135908440629 0.75793991416309 0.5389127324749642 0.7699570815450643 0.5618025751072961 0.7596566523605149 0.6041487839771101 0.7158798283261802 0.6407725321888411 0.6575107296137338 0.6350500715307582 0.6892703862660944 0.5938483547925608 0.6532188841201717 0.6018597997138769
2 0.7939914163090128 0.590414878397711 0.8463519313304722 0.596137339055794 0.9141630901287554 0.6453505007153076 0.9313304721030042 0.7140200286123033 0.9150214592274678 0.7678111587982833 0.8987124463519313 0.7426323319027182 0.8858369098712446 0.7494992846924179 0.8721030042918455 0.8982832618025751 0.8480686695278968 0.9074391988555078 0.8171673819742489 0.8914163090128756 0.840343347639485 0.7140200286123033 0.8163090128755364 0.6728183118741058 0.7802575107296137 0.6705293276108726 0.7982832618025751 0.644206008583691
3 0.8240343347639484 0.8948497854077253 0.8180257510729614 0.9085836909871245 0.8394849785407725 0.9280400572246066 0.8583690987124462 0.9509298998569385 0.8806866952789698 0.9646638054363377 0.8849785407725321 0.9429184549356223 0.869527896995708 0.9177396280400573 0.8626609442060085 0.9062947067238913 0.8472103004291845 0.9051502145922747
