5 0.382509505703422 0.31616597586179335 0.39543726235741444 0.3310097169412759 0.3596958174904943 0.3960938124436224 0.31406844106463877 0.4337740782607703 0.24942965779467682 0.44062503568206995 0.21292775665399238 0.44062503568206995 0.16806083650190112 0.365264504047774 0.15969581749049427 0.3195914545724432 0.14752851711026613 0.30474771349296065 0.14448669201520914 0.19855787346281645 0.15133079847908742 0.19056508980463352 0.16273764258555132 0.20655065712099932 0.18022813688212927 0.1117790794596878 0.2076045627376426 0.059255072563057336 0.25247148288973387 0.03185124287785883 0.30342205323193916 0.02614211169344247 0.34448669201520915 0.046694983957341354 0.3923954372623575 0.12662282053917032 0.39847908745247146 0.175721348725151 0.4022813688212928 0.24194727046438075 0.38022813688212925 0.30018040854542755 0.3703422053231939 0.3115986709142603
5 0.7307984790874525 0.07524063987942314 0.7072243346007606 0.11406273193345434 0.6806083650190115 0.18257230614645062 0.6775665399239544 0.2910457986503614 0.6692015209125475 0.2830530149921785 0.6638783269961978 0.28990397241347815 0.6608365019011407 0.30474771349296065 0.6722433460076045 0.35727172038959115 0.6912547528517111 0.402944769864922 0.7003802281368822 0.44519234062960295 0.7300380228136882 0.48401443268363425 0.7749049429657796 0.5194110460270156 0.8410646387832701 0.5 0.8859315589353611 0.43034859955012045 0.9239543726235743 0.36298085157400745 0.9422053231939165 0.3024640610191941 0.9300380228136883 0.2944712773610112 0.9155893536121673 0.3024640610191941 0.9201520912547531 0.2396636179906142 0.9079847908745249 0.14603386656618594 0.8768060836501902 0.07980794482695623 0.8425855513307986 0.06268055127370716 0.8022813688212928 0.043269505246691535 0.7604562737642586 0.058113246326174074
1 0.17642585551330797 0.390384681259206 0.1391634980988593 0.3686899827584238 0.091254752851711 0.37782459265349 0.06844106463878324 0.3709736352321904 0.049429657794676785 0.3789664188903733 0.037262357414448645 0.42578129460258735 0.0 0.4709712637469291 0.0 0.4885817376311673 0.0365019011406844 0.5285456559220818 0.14372623574144483 0.5730768791605294 0.15513307984790872 0.6176081023989769 0.12243346007604561 0.6655648043480743 0.11711026615969582 0.6758412404800237 0.18479087452471482 0.6826921979013234 0.18783269961977186 0.727223421139771 0.17110266159695817 0.7432089884561368 0.11634980988593156 0.7466344671667866 0.08821292775665399 0.7603363820093858 0.1870722433460076 0.7580527295356193 0.19011406844106465 0.7786056017995181 0.1870722433460076 0.8082930839584832 0.08060836501901139 0.8356969136436817 0.07224334600760454 0.8482570022493977 0.07604562737642584 0.8756608319345962 0.11482889733840304 0.8916463992509619 0.1619771863117871 0.8756608319345962 0.17490494296577946 0.8825117893558959 0.18250950570342206 0.9053483140935613 0.15361216730038024 0.9304684913049933 0.06996197718631177 0.9567304947533085 0.06387832699619769 0.9807088457278572 0.06604790874524713 0.996996996996997 0.28973384030418253 0.996996996996997 0.3057034220532319 0.9738578883065575 0.311787072243346 0.9407449274369426 0.33079847908745247 0.9281848388312266 0.3475285171102661 0.9270430125943434 0.34600760456273766 0.9007810091460281 0.3247148288973384 0.8756608319345962 0.32775665399239545 0.8265623037486155 0.3315589353612168 0.819711346327316 0.36121673003802285 0.849398828486281 0.3452471482889734 0.7808892542732848 0.34600760456273766 0.719230637481588 0.35665399239543727 0.6861176766119732 0.36806083650190113 0.6689902830587241 0.3946768060836502 0.7089542013496387 0.44790874524714824 0.6313100172415762 0.4593155893536122 0.5970552301350781 0.4433460076045628 0.5490985281859807 0.420532319391635 0.5296874821589651 0.42509505703422057 0.5114182623688327 0.41825095057034223 0.46460338665661866 0.40608365019011405 0.4463341668664863 0.3847908745247149 0.42578129460258735 0.37262357414448666 0.41207937975998815 0.3574144486692015 0.41436303223375465 0.3133079847908745 0.4440505143927197 0.23422053231939163 0.4463341668664863 0.21673003802281368 0.44747599310336955
1 0.6874524714828897 0.41664668470752125 0.6806083650190115 0.43034859955012045 0.6547528517110266 0.42692312083947065 0.6357414448669201 0.4417668619189532 0.6250950570342206 0.4760216490254513 0.5931558935361217 0.5045673049475331 0.5695817490494296 0.5536658331335138 0.5619771863117872 0.5765023578711791 0.5726235741444866 0.5719350529236461 0.5984790874524715 0.5913460989506617 0.6129277566539925 0.6484374107948253 0.6288973384030419 0.5308293083958483 0.6463878326996199 0.5148437410794826 0.6813688212927757 0.5011418262368833 0.7140684410646388 0.5194110460270156 0.6965779467680608 0.5456730494753308 0.6631178707224336 0.5639422692654632 0.6593155893536122 0.5879206202400119 0.6555133079847908 0.6187499286358602 0.6828897338403042 0.5856369677662454 0.7650190114068441 0.5650840955023465 0.7901140684410646 0.5844951415293621 0.7832699619771863 0.6073316662670275 0.6973384030418252 0.6381609746628758 0.6768060836501902 0.6701321092956074 0.6775665399239544 0.6781248929537903 0.7087452471482891 0.6575720206898914 0.7946768060836502 0.6267427122940431 0.8098859315589354 0.6313100172415762 0.8045627376425855 0.659855673163658 0.673764258555133 0.74435081469302 0.6722433460076045 0.7512017721143196 0.7878326996197718 0.6861176766119732 0.7916349809885933 0.6929686340332728 0.7893536121673003 0.7078123751127553 0.7650190114068441 0.7352162047979539 0.7087452471482891 0.7843147329839345 0.6882129277566539 0.8003003003003003 0.6532319391634981 0.9007810091460281 0.670722433460076 0.9510213635688921 0.7300380228136882 0.9909852818598065 0.7357577403585007 0.996996996996997 0.8942965779467681 0.996694413044223 0.9110266159695818 0.9658651046483746 0.9520912547528517 0.9475958848582423 0.9688212927756654 0.9076319665673278 0.9741444866920154 0.8585334383813472 0.9186311787072243 0.8436896973018647 0.9011406844106463 0.8151440413797828 0.9011406844106463 0.8037257790109501 0.9574144486692017 0.8048676052478335 0.9604562737642587 0.794591169115884 0.9155893536121673 0.7706128181413353 0.8669201520912547 0.7089542013496387 0.8517110266159695 0.6701321092956074 0.8638783269961977 0.6575720206898914 0.8851711026615969 0.6929686340332728 0.9368821292775668 0.727223421139771 0.9444866920152092 0.7203724637184714 0.9133079847908746 0.6884013290857397 0.876045627376426 0.6210335811096268 0.8714828897338402 0.5776441841080625 0.8783269961977187 0.5707932266867629 0.8859315589353611 0.5730768791605294 0.8942965779467681 0.5947715776613115 0.9209125475285173 0.634735495952226 0.9247148288973385 0.6324518434784594 0.9133079847908746 0.6073316662670275 0.9079847908745249 0.5616586167916966 0.9102661596958176 0.5536658331335138 0.9475285171102662 0.6233172335833933 0.998 0.7023951542880291 0.998 0.4885817376311673 0.9764258555133081 0.43149042578700375 0.8942965779467681 0.420072163418171 0.8768060836501902 0.4531851242877859 0.9041825095057036 0.4920072163418171 0.8942965779467681 0.5034254787106498 0.8326996197718631 0.5079927836581829 0.7931558935361218 0.5262620034483152 0.7596958174904944 0.5148437410794826 0.7307984790874525 0.5182692197901323 0.714828897338403 0.5068509574212996 0.7041825095057034 0.45546877676155245 0.6965779467680608 0.43605773073453685
6 0.0 0.4920072163418171 0.03574144486692015 0.5331129608696148 0.1376425855513308 0.5765023578711791 0.15209125475285168 0.6141826236883271 0.12015209125475286 0.6644229781111911 0.10570342205323192 0.6804085454275568 0.0950570342205323 0.6644229781111911 0.0935361216730038 0.6884013290857397 0.07984790874524714 0.6861176766119732 0.04790874524714829 0.6427282796104089 0.005323193916349794 0.6667066305849576 0.0 0.6643087954875028
6 0.447148288973384 0.6404446271366424 0.4038022813688213 0.6963941127439227 0.4433460076045628 0.727223421139771 0.4730038022813688 0.7363580310348371 0.5155893536121673 0.6861176766119732 0.5315589353612168 0.6210335811096268 0.5650190114068441 0.5639422692654632 0.6121673003802282 0.4805889539729844 0.6220532319391634 0.46003608170908555 0.6007604562737643 0.4634615604197353 0.6136882129277567 0.4349159044976536 0.6083650190114069 0.41436303223375465 0.5939163498098861 0.4177885109444045 0.5878326996197718 0.402944769864922 0.5779467680608366 0.40180294362803864 0.5619771863117872 0.4223558158919376 0.5642585551330799 0.4052284223386885 0.5711026615969581 0.38353372383790635 0.5627376425855514 0.37211546146907365 0.5460076045627377 0.38353372383790635 0.5376425855513307 0.41893033718128775 0.5315589353612168 0.4440505143927197 0.5163498098859316 0.48173078020986765 0.5171102661596958 0.5137019148425992 0.4859315589353612 0.5628004430285799 0.4600760456273765 0.5844951415293621
6 0.5657794676806084 0.579927836581829 0.5307984790874525 0.6244590598202766 0.5216730038022813 0.6552883682161249 0.5178707224334601 0.6998195914545724 0.5307984790874525 0.739783509745487 0.5452471482889735 0.7728964706151018 0.5650190114068441 0.7888820379314676 0.5923954372623575 0.8425478710649814 0.6083650190114069 0.8402642185912148 0.6288973384030419 0.8185695200904327 0.6600760456273765 0.7774637755626348 0.6653992395437263 0.752343598351203 0.6410646387832701 0.7169469850078215 0.614448669201521 0.7055287226389888 0.5984790874524715 0.6849758503750899 0.6106463878326998 0.6712739355324907 0.611406844106464 0.6484374107948253 0.5946768060836503 0.5890624464768951
6 0.0 0.6963941127439227 0.0007604562737642482 0.6712739355324907 0.04410646387832699 0.6518628895054751 0.06692015209125475 0.6758412404800237 0.09429657794676806 0.6918268077963896 0.12091254752851711 0.6769830667169071 0.18250950570342206 0.6838340241382067 0.18935361216730034 0.7237979424291212 0.16730038022813687 0.7454926409299033 0.11026615969581749 0.7432089884561368 0.08745247148288973 0.7637618607200356 0.1870722433460076 0.7637618607200356 0.18783269961977186 0.7877402116945843 0.18479087452471482 0.799158474063417 0.18479087452471482 0.8071512577216 0.08365019011406843 0.8334132611699152 0.0714828897338403 0.8471151760125145 0.07452471482889732 0.8733771794608297 0.11711026615969582 0.8916463992509619 0.16045627376425853 0.8745190056977129 0.17946768060836502 0.8916463992509619 0.18098859315589352 0.9053483140935613 0.1543726235741445 0.9281848388312266 0.0714828897338403 0.9555886685164253 0.06615969581749047 0.9749997145434408 0.06692015209125475 0.996694413044223 0.04797718631179005 0.996996996996997 0.0 0.996996996996997
6 0.3315589353612168 0.832271434933032 0.3673003802281369 0.8551079596706974 0.35133079847908744 0.7865983854577011 0.3505703422053232 0.7180888112447048 0.3718631178707224 0.7740382968519851 0.38555133079847914 0.8265623037486155 0.379467680608365 0.8676680482764134 0.38935361216730036 0.9167665764623939 0.38403041825095063 0.9624396259377248 0.38834576996197717 0.996996996996997 0.28973384030418253 0.996694413044223 0.3019011406844106 0.976141540780324 0.3095057034220532 0.9407449274369426 0.33840304182509506 0.9270430125943434 0.3505703422053232 0.9259011863574601 0.3467680608365019 0.8973555304353784 0.32775665399239545 0.8756608319345962
6 0.5817490494296578 0.8265623037486155 0.530632185934077 0.996996996996997 0.614448669201521 0.996996996996997 0.6942965779467681 0.7968748215896505 0.7878326996197718 0.7112378538234052 0.7893536121673003 0.6895431553226231 0.7878326996197718 0.6861176766119732 0.6790874524714829 0.7534854245880862 0.6699619771863118 0.7420671622192535 0.6958174904942966 0.7306488998504208 0.8022813688212928 0.6621393256374245 0.8121673003802282 0.6335936697153428 0.8038022813688213 0.6244590598202766 0.7064638783269961 0.6632811518743078 0.6768060836501902 0.6792667191906736 0.6730038022813687 0.6758412404800237 0.6920152091254754 0.6393028008997591 0.7787072243346008 0.6027643613194944 0.790874524714829 0.5856369677662454 0.7870722433460076 0.5707932266867629 0.7627376425855514 0.5662259217392298 0.68212927756654 0.592487925187545 0.6608365019011407 0.6187499286358602 0.6532319391634981 0.6130407974514438 0.6547528517110266 0.5685095742129963 0.6897338403041824 0.5456730494753308 0.7110266159695818 0.5262620034483152 0.7079847908745248 0.5114182623688327 0.6828897338403042 0.5 0.6479087452471484 0.5171273935532491 0.6334600760456274 0.5274038296851986 0.6136882129277567 0.6952522865070393
6 0.996958174904943 0.7032450701652223 0.9148288973384031 0.5628004430285799 0.9087452471482891 0.5753605316342959 0.9231939163498101 0.6381609746628758 0.9133079847908746 0.6198917548727435 0.8958174904942966 0.5913460989506617 0.8866920152091254 0.5685095742129963 0.8737642585551332 0.5742187053974126 0.8745247148288975 0.6176081023989769 0.9125475285171103 0.6929686340332728 0.9520912547528517 0.7260815949028877 0.9467680608365019 0.731790726087304 0.9034220532319394 0.7043868964021056 0.8859315589353611 0.6975359389808059 0.867680608365019 0.6609974994005412 0.853231939163498 0.6701321092956074 0.8653992395437262 0.7043868964021056 0.8942965779467681 0.7386416835086036 0.9209125475285173 0.7763219493257516 0.9604562737642587 0.7968748215896505 0.9551330798479089 0.8060094314847167 0.9034220532319394 0.7968748215896505 0.9011406844106463 0.8151440413797828 0.9201520912547531 0.8471151760125145 0.9688212927756654 0.8596752646182304 0.998 0.8731558408364493
