5 0.2863577863577863 0.2611428571428572 0.37558987558987555 0.34457142857142864 0.4219219219219219 0.3628571428571429 0.5111540111540112 0.3457142857142857 0.5592020592020592 0.3 0.6106821106821108 0.21657142857142855 0.5626340626340626 0.11142857142857143 0.48884598884598884 0.07371428571428572 0.4099099099099099 0.05657142857142858 0.3120978120978121 0.08971428571428572 0.26748176748176744 0.15028571428571427 0.2520377520377521 0.20628571428571427 0.27091377091377095 0.24514285714285713
5 0.6896181896181895 0.21314285714285713 0.7874302874302873 0.2017142857142857 0.9126984126984128 0.24057142857142855 0.9229944229944231 0.3251428571428572 0.8955383955383954 0.3891428571428572 0.8492063492063493 0.41314285714285715 0.7513942513942512 0.4165714285714286 0.6467181467181469 0.452 0.5506220506220505 0.43942857142857145 0.5180180180180181 0.4051428571428572 0.5111540111540112 0.35714285714285715 0.5351780351780352 0.3411428571428572 0.5540540540540541 0.3057142857142857 0.5900900900900901 0.2554285714285714 0.6364221364221365 0.21428571428571427
6 0.21771771771771772 0.24628571428571427 0.2743457743457743 0.34 0.4442299442299443 0.3788571428571429 0.5025740025740025 0.3925714285714286 0.5231660231660232 0.4325714285714286 0.5145860145860145 0.4542857142857143 0.4734019734019735 0.4382857142857143 0.44079794079794077 0.4325714285714286 0.2863577863577863 0.42914285714285716 0.13706563706563715 0.3514285714285714 0.1061776061776061 0.2965714285714286 0.10960960960960961 0.2668571428571429 0.1645216645216645 0.23714285714285713
6 0.42878592878592875 0.44742857142857145 0.4648219648219648 0.5285714285714286 0.4957099957099957 0.5617142857142858 0.48884598884598884 0.5937142857142857 0.481981981981982 0.6154285714285714 0.5334620334620336 0.62 0.5763620763620764 0.6051428571428571 0.5592020592020592 0.5457142857142858 0.5248820248820248 0.4965714285714286 0.5008580008580008 0.48742857142857143 0.5128700128700129 0.468 0.4871299871299872 0.4508571428571429 0.4648219648219648 0.444 0.42878592878592875 0.43142857142857144
6 0.5763620763620764 0.5171428571428571 0.5145860145860145 0.4977142857142857 0.4991419991419992 0.4828571428571429 0.5231660231660232 0.4611428571428572 0.5900900900900901 0.444 0.6570141570141571 0.4794285714285714 0.6793221793221792 0.4908571428571429 0.6947661947661948 0.48514285714285715 0.7445302445302446 0.4428571428571429 0.8114543114543114 0.42 0.8783783783783784 0.42 0.9024024024024024 0.48742857142857143 0.868082368082368 0.4897142857142857 0.7942942942942943 0.5297142857142858 0.7033462033462032 0.5685714285714285 0.6484341484341485 0.5605714285714286 0.6055341055341055 0.5354285714285715 0.5609180609180608 0.48742857142857143
7 0.08215358215358208 0.5857142857142857 0.19540969540969536 0.5891428571428571 0.3515658515658515 0.6131428571428571 0.4339339339339339 0.6497142857142858 0.4442299442299443 0.7274285714285714 0.48026598026598033 0.7925714285714286 0.6141141141141141 0.828 0.6261261261261262 0.8577142857142858 0.5797940797940797 0.8691428571428571 0.4390819390819391 0.8382857142857143 0.39618189618189625 0.7982857142857144 0.3395538395538395 0.7171428571428571 0.330973830973831 0.6954285714285714 0.22629772629772624 0.7148571428571429 0.10789360789360794 0.6988571428571428 0.08043758043758041 0.6428571428571429
7 0.4064779064779064 0.5708571428571428 0.4871299871299872 0.5788571428571428 0.481981981981982 0.612 0.48369798369798367 0.6211428571428571 0.4562419562419563 0.6417142857142858 0.35842985842985836 0.6165714285714285 0.4047619047619047 0.5822857142857143
7 0.45795795795795796 0.676 0.48884598884598884 0.6291428571428571 0.5574860574860575 0.6177142857142858 0.6655941655941655 0.684 0.7634062634062633 0.7342857142857143 0.8063063063063063 0.7662857142857143 0.7273702273702273 0.8131428571428571 0.6638781638781638 0.8302857142857143 0.6089661089661091 0.8211428571428571 0.5351780351780352 0.7617142857142858 0.5334620334620336 0.74 0.48026598026598033 0.7845714285714286 0.44937794937794945 0.7182857142857143
7 0.3344058344058343 0.7285714285714285 0.2691977691977693 0.7617142857142858 0.31896181896181897 0.8188571428571428 0.4064779064779064 0.8622857142857143 0.43221793221793225 0.8622857142857143 0.4219219219219219 0.8245714285714285 0.3910338910338911 0.8005714285714286
8 0.10789360789360794 0.30114285714285716 0.09073359073359076 0.364 0.06156156156156156 0.452 0.07872157872157874 0.5845714285714285 0.21600171600171605 0.5937142857142857 0.3447018447018447 0.6085714285714285 0.4064779064779064 0.5742857142857143 0.44251394251394244 0.4897142857142857 0.43221793221793225 0.43942857142857145 0.4184899184899184 0.436 0.2897897897897898 0.436 0.16966966966966968 0.37314285714285716 0.11647361647361645 0.3125714285714286
8 0.862934362934363 0.4942857142857143 0.8972543972543974 0.49314285714285716 0.8903903903903904 0.562857142857143 0.844058344058344 0.7251428571428571 0.7942942942942943 0.7594285714285715 0.7479622479622479 0.7205714285714285 0.6450021450021451 0.6668571428571429 0.5729300729300729 0.6177142857142858 0.5797940797940797 0.5811428571428571 0.5557700557700557 0.5251428571428571 0.5729300729300729 0.5228571428571429 0.6381381381381381 0.556 0.6981981981981982 0.5662857142857143 0.7891462891462893 0.5388571428571429
