5 0.6297142857142858 0.444 0.6697142857142858 0.4028571428571429 0.7325714285714287 0.38114285714285717 0.7817142857142858 0.412 0.8285714285714286 0.4622857142857143 0.8148571428571428 0.5571428571428572 0.7588571428571429 0.612 0.6982857142857142 0.6371428571428571 0.6468571428571429 0.6268571428571429 0.616 0.6051428571428571 0.6365714285714287 0.47714285714285715
5 0.3462857142857143 0.29085714285714287 0.336 0.2337142857142857 0.27314285714285713 0.20514285714285713 0.22971428571428568 0.19485714285714284 0.16457142857142856 0.22457142857142856 0.144 0.2817142857142857 0.14742857142857144 0.3342857142857143 0.1851428571428571 0.3971428571428572 0.23771428571428566 0.42342857142857143 0.2948571428571429 0.412 0.30171428571428566 0.428 0.37257142857142855 0.4097142857142857 0.38857142857142857 0.3628571428571429 0.37371428571428567 0.3182857142857143
6 0.3965714285714286 0.35028571428571426 0.4605714285714286 0.3308571428571429 0.5531428571428572 0.32971428571428574 0.5622857142857144 0.3537142857142857 0.552 0.39371428571428574 0.4628571428571429 0.4074285714285714 0.38857142857142857 0.42 0.3748571428571429 0.4097142857142857
6 0.5634285714285714 0.5902857142857143 0.47771428571428565 0.6337142857142858 0.46742857142857147 0.6771428571428572 0.49371428571428566 0.692 0.568 0.6645714285714286 0.6137142857142858 0.6222857142857143 0.616 0.5902857142857143
7 0.6731428571428572 0.27942857142857147 0.568 0.34685714285714286 0.5748571428571428 0.3948571428571429 0.6102857142857142 0.40628571428571425 0.6605714285714287 0.40171428571428575 0.7337142857142858 0.36628571428571427 0.6845714285714287 0.3537142857142857
7 0.38857142857142857 0.6508571428571429 0.4171428571428571 0.6554285714285715 0.4262857142857143 0.6828571428571429 0.40114285714285713 0.7068571428571429 0.3977142857142857 0.7182857142857143 0.2971428571428571 0.7171428571428571 0.22971428571428568 0.6645714285714286 0.24 0.6474285714285715 0.29257142857142854 0.6828571428571429 0.36457142857142855 0.6462857142857144 0.3691428571428571 0.6554285714285715
8 0.5977142857142858 0.4257142857142857 0.6114285714285713 0.4828571428571429 0.6125714285714287 0.5891428571428571 0.5622857142857144 0.5937142857142857 0.45028571428571434 0.636 0.3691428571428571 0.6451428571428571 0.2971428571428571 0.6782857142857144 0.23314285714285712 0.6405714285714286 0.23771428571428566 0.62 0.29371428571428565 0.5914285714285714 0.32 0.5377142857142858 0.30171428571428566 0.48514285714285715 0.312 0.476 0.37942857142857145 0.4405714285714286 0.45942857142857146 0.412 0.5211428571428571 0.4188571428571429 0.5657142857142856 0.40628571428571425
8 0.3428571428571429 0.228 0.3771428571428571 0.31714285714285717 0.3988571428571429 0.3514285714285714 0.4548571428571429 0.3342857142857143 0.5588571428571429 0.332 0.5634285714285714 0.3422857142857143 0.656 0.284 0.6765714285714287 0.28057142857142864 0.6651428571428571 0.228 0.6388571428571429 0.2257142857142857 0.6034285714285713 0.2611428571428572 0.5222857142857144 0.252 0.3965714285714286 0.15714285714285714 0.3691428571428571 0.16857142857142857 0.344 0.19942857142857143
8 0.5862857142857142 0.14228571428571427 0.6285714285714287 0.14114285714285713 0.6605714285714287 0.204 0.6422857142857142 0.20628571428571427 0.6377142857142858 0.1754285714285714
8 0.7165714285714286 0.1514285714285714 0.7485714285714287 0.2588571428571429 0.768 0.2177142857142857 0.7542857142857142 0.17657142857142855
6 0.5142857142857143 0.4085714285714286 0.5668571428571428 0.388 0.6057142857142858 0.4074285714285714 0.6548571428571429 0.4074285714285714 0.632 0.43942857142857145 0.6137142857142858 0.4405714285714286 0.6068571428571429 0.42 0.5908571428571429 0.4177142857142857 0.568 0.4097142857142857 0.5257142857142857 0.4154285714285714
