5 0.4454935622317596 0.6648068669527897 0.5304721030042918 0.7117310443490701 0.5836909871244635 0.6590844062947067 0.6163090128755365 0.5732474964234621 0.6343347639484977 0.45422031473533614 0.6386266094420601 0.39241773962804005 0.6437768240343347 0.27796852646638054 0.6008583690987124 0.20357653791130187 0.5227467811158798 0.1658082975679542 0.4420600858369098 0.16123032904148785 0.39227467811158795 0.21959942775393418 0.34420600858369094 0.27682403433476394 0.3339055793991416 0.3763948497854077 0.3399141630901287 0.4507868383404864 0.3605150214592275 0.5309012875536481 0.3879828326180257 0.5949928469241774
5 0.967381974248927 0.34663805436337625 0.9253218884120172 0.43018597997138763 0.9270386266094419 0.5377682403433476 0.998 0.6079322949317645 0.998 0.3386266094420601
5 0.8111587982832619 0.3798283261802575 0.8154506437768239 0.3729613733905579 0.8111587982832619 0.361516452074392
5 0.7527896995708154 0.35121602288984266 0.7562231759656651 0.3706723891273247 0.744206008583691 0.3695278969957081 0.7424892703862661 0.3546494992846924
5 0.14420600858369098 0.40615164520743924 0.15965665236051504 0.4175965665236051 0.1502145922746781 0.42331902718168807
1 0.7527896995708154 0.37410586552217456 0.7699570815450643 0.38783977110157364 0.7819742489270386 0.3683834048640915 0.7605150214592274 0.355793991416309
1 0.8085836909871243 0.3786838340486409 0.8008583690987124 0.39127324749642345 0.8111587982832619 0.4118741058655222 0.8206008583690987 0.4107296137339056 0.823175965665236 0.38898426323319024
1 0.14763948497854076 0.4347639484978541 0.1424892703862661 0.451931330472103 0.1553648068669528 0.4530758226037196 0.1587982832618026 0.43018597997138763
2 0.767381974248927 0.38783977110157364 0.767381974248927 0.40500715307582263 0.7802575107296137 0.40157367668097277 0.7776824034334764 0.3844062947067239
1 0.3682403433476395 0.6476394849785407 0.3630901287553647 0.655650929899857 0.34849785407725326 0.6888412017167382 0.2798283261802575 0.7540772532188842 0.18626609442060085 0.8456366237482118 0.15278969957081542 0.8879828326180258 0.10214592274678111 0.9955650929899857 0.6858369098712447 0.9944206008583693 0.678969957081545 0.9406294706723891 0.6060085836909871 0.6888412017167382 0.590557939914163 0.6670958512160229 0.567381974248927 0.6854077253218884 0.5759656652360514 0.7277539341917025 0.5536480686695279 0.7964234620886982 0.4781115879828326 0.8181688125894135 0.40257510729613727 0.7609442060085838 0.36394849785407724 0.6876967095851215
6 0.6738197424892703 0.9623748211731045 0.763127816523605 0.9973333333333333 0.7690987124463519 0.9973333333333333 0.6875536480686695 0.9932761087267525
6 0.890128755364807 0.6602288984263233 0.8266094420600857 0.6533619456366238 0.8025751072961372 0.7094420600858369 0.8017167381974248 0.7540772532188842 0.8489270386266093 0.8261802575107297 0.992274678111588 0.9852646638054363 0.9957081545064377 0.8479256080114449
8 0.8746781115879828 0.6018597997138769 0.9364806866952791 0.6762517882689556 0.9965665236051502 0.6751072961373391 0.998 0.7748772532188825 0.998 0.9973333333333333 0.8103004291845494 0.9973333333333333 0.7948497854077253 0.8994277539341918 0.7957081545064377 0.7414878397711017 0.8180257510729614 0.6602288984263233
