5 0.6045764010225249 0.08184809432410198 0.6303977346083334 0.21894707979160952 0.6665476016284654 0.2692167077963623 0.7199116910391365 0.21094963897267158 0.7371259134296756 0.13326021387441733 0.7199116910391365 0.10127045059866557 0.7078617353657592 0.0601407549584133 0.6536369348355612 0.04300338177497485
5 0.40661284353132554 0.11726533223654144 0.4410412883124037 0.15725253633123115 0.4444841327905115 0.2600767754318618 0.42124493256328377 0.3149163696188648 0.3945628878579482 0.32519879352892783 0.36271657643545097 0.29549401334430125 0.3394773762082232 0.2577917923407367 0.33345239837153445 0.2235170459738598 0.3360345317301154 0.14468512933004293 0.36529870979403184 0.11155287450872864 0.3971450212165291 0.11726533223654144
6 0.2800883089608634 0.37889589617036834 0.33345239837153445 0.3674709807147427 0.37907008770646305 0.4291655241751211 0.38509506554315176 0.5057124577278128 0.41608066584612213 0.562837035005941 0.48838039988638615 0.5342747463668769 0.5047339111573982 0.5514121195503152 0.46428048853963144 0.6165341376473814 0.41608066584612213 0.6576638332876337 0.3868164877822056 0.6622337994698839 0.32656670941531896 0.5834018828260671 0.28353115343897123 0.47943515217987387 0.27320262000464784 0.3868933369893062
6 0.46341977742010454 0.42231057490174573 0.4711661774958471 0.49657252536331226 0.46428048853963144 0.5354172379124394 0.4987089333207096 0.536559729458002 0.4969875110816556 0.5845443743716296 0.47288759973490097 0.6119641714651312 0.4556733773443619 0.6439539347408829 0.510758888994087 0.6473814093775706 0.5288338225041529 0.6073942052828809 0.5193660001893564 0.536559729458002 0.48407684428875136 0.45430033817749743 0.47546973309348184 0.39489077780824416 0.4350163104757151 0.3583310483502422 0.40919497688990647 0.3708984553514304
6 0.6062978232615787 0.32519879352892783 0.5718693784805006 0.4108856594461201 0.5563765783290154 0.36975596380586784 0.5933871564686745 0.34233616671236633 0.5951085787077283 0.3057764372543643 0.5701479562414467 0.2897815556164884 0.5400230670580033 0.33662370898455346 0.5305552447432069 0.4485878804496847 0.544326622655638 0.536559729458002 0.5718693784805006 0.5205648478201261 0.6157656455763753 0.4508728635408098 0.620929912293537 0.31834384425555246 0.6166263566959022 0.3172013527099899
6 0.7586436914178495 0.3240563019833653 0.7818828916450772 0.38346586235261854 0.7956542695575084 0.41202815099168266 0.7706936470912268 0.3857508454437437 0.7379866245492026 0.3971757608993693 0.728518802234406 0.426880541083996 0.7388473356687295 0.45887030435974774 0.7595044025373764 0.47829266063431125 0.7836043138841311 0.4805776437254364 0.8111470697089935 0.5068549492733754 0.8386898255338561 0.5856868659171922 0.8843075148687847 0.6131066630106937 0.912710981813174 0.5948267982816927 0.8886110704664194 0.5034274746366877 0.8318041365776404 0.34576364134905396 0.7896292917208197 0.28178411479755044 0.7603651136569033 0.2577917923407367
2 0.30763106478572594 0.7307832922036377 0.3670201320330857 0.7524906315693263 0.47891257757158967 0.7364957499314505 0.49258870850903186 0.9940476190476191 0.29558110911234864 0.9940476190476191 0.29730253135140244 0.7433506992048259
2 0.6140442233373213 0.609679188374006 0.5916657342296204 0.6862261219266977 0.5692872451219197 0.8564573622155196 0.5804764896757701 0.8770222100356457 0.6501940903574533 0.8861621424001462 0.674294001704208 0.918151905675898 0.7044188908876514 0.9227218718581482 0.7749972026888615 0.8861621424001462 0.8171720475456823 0.855314870669957 0.8111470697089935 0.7959053103007039 0.7767186249279154 0.6245315784663192 0.6674083127479924 0.6211041038296317 0.6260941790106986 0.6062517137373182
7 0.6019942676639439 0.8873046339457088 0.6553583570746151 0.8930170916735216 0.6777368461823158 0.9284343295859611 0.6811796906604236 0.9924138561374646 0.6226513345325908 0.993556347683027
7 0.6889260907361662 0.9261493464948358 0.709583157604813 0.9295768211315236 0.7818828916450772 0.883877159309021 0.7836043138841311 0.9901288730463395 0.7046319168897351 0.9940476190476191
8 0.3291488427738997 0.32748377662005296 0.2706204866460669 0.3766109130792432 0.24738128641883925 0.4885750845443743 0.3007453758295103 0.7284983091125126 0.38509506554315176 0.7479206653870761 0.47805186645206266 0.7319257837492003 0.46858404413726623 0.6450964262864455 0.4625590663005776 0.536559729458002 0.4677233330177393 0.4497303719952472 0.45911622182246975 0.4143131340828078 0.40919497688990647 0.36404350607805497
8 0.6605226237917768 0.27264418243304994 0.6157656455763753 0.31377387807330226 0.6226513345325908 0.45658532126862256 0.6260941790106986 0.5822593912805045 0.62006920117401 0.599396764463943 0.6777368461823158 0.6233890869207568 0.7706936470912268 0.6199616122840691 0.7947935584379815 0.4988575084544374 0.7715543582107537 0.3766109130792432 0.7500365802225799 0.3103464034366145 0.7534794247006877 0.2749291655241751 0.7577829802983226 0.2509368430673613 0.728518802234406 0.2429394022484233 0.7044188908876514 0.29092404716205095 0.6785975573018427 0.3080614203454894
