5 0.4583690987124463 0.5034334763948498 0.4609442060085837 0.5263233190271817 0.478969957081545 0.542346208869814 0.4927038626609442 0.5297567954220315 0.49957081545064375 0.5171673819742488 0.49957081545064375 0.5 0.4892703862660944 0.4862660944206008 0.4678111587982833 0.4919885550786838
5 0.5450643776824033 0.4931330472103004 0.5450643776824033 0.4736766809728183 0.5639484978540772 0.46452074391988557 0.5896995708154505 0.48283261802575106 0.5914163090128755 0.5114449213161659 0.5759656652360514 0.5217453505007152 0.5562231759656652 0.5183118741058654
0 0.48240343347639486 0.46452074391988557 0.49699570815450633 0.47024320457796853 0.5038626609442061 0.49656652360515025 0.4858369098712446 0.4874105865522174 0.4678111587982833 0.5011444921316166 0.45407725321888404 0.5 0.4618025751072961 0.4748211731044349
0 0.5527896995708154 0.45422031473533614 0.5716738197424893 0.45422031473533614 0.5845493562231759 0.4771101573676681 0.5639484978540772 0.4668097281831188 0.544206008583691 0.4771101573676681 0.542489270386266 0.46452074391988557
2 0.47124463519313303 0.7243204577968527 0.5124463519313305 0.7140200286123033 0.5210300429184549 0.720886981402003 0.5321888412017167 0.7701001430615165 0.5416309012875535 0.825035765379113 0.5021459227467812 0.7826895565092991 0.4944206008583691 0.7506437768240344 0.48412017167381977 0.7689556509298998 0.4575107296137339 0.8296137339055795 0.42660944206008583 0.82274678111588 0.41974248927038627 0.8055793991416309 0.430901287553648 0.7758226037195994 0.44721030042918447 0.7494992846924179
2 0.5836909871244635 0.6819742489270386 0.6180257510729614 0.6728183118741058 0.6523605150214592 0.6545064377682404 0.6703862660944205 0.7025751072961374 0.6763948497854076 0.7220314735336195 0.67725321888412 0.7575107296137339 0.6446351931330472 0.7563662374821174 0.6309012875536479 0.7174535050071531 0.6171673819742489 0.7689556509298998 0.5819742489270386 0.7643776824034335
6 0.4326180257510729 0.655650929899857 0.42060085836909866 0.6419170243204577 0.39313304721030046 0.6453505007153076 0.3836909871244635 0.6281831187410586 0.4042918454935622 0.5949928469241774 0.4291845493562231 0.5618025751072961 0.43862660944206006 0.5766809728183119 0.43605150214592275 0.6064377682403433 0.4128755364806867 0.6178826895565093 0.4420600858369098 0.627038626609442
6 0.5090128755364807 0.6201716738197425 0.511587982832618 0.6510729613733905 0.5218884120171673 0.6682403433476395 0.5768240343347639 0.6876967095851215 0.5854077253218883 0.6739628040057225 0.5459227467811159 0.6522174535050071 0.5253218884120172 0.6407725321888411 0.5098712446351931 0.5663805436337624 0.505579399141631 0.5526466380543633
6 0.5210300429184549 0.6155937052932761 0.5484978540772533 0.6087267525035764 0.5476394849785408 0.5549356223175966 0.5613733905579399 0.5846924177396281 0.5699570815450644 0.6293276108726752 0.544206008583691 0.6407725321888411 0.5296137339055793 0.6373390557939914
6 0.6206008583690986 0.5286123032904149 0.6180257510729614 0.55379113018598 0.6472103004291845 0.6339055793991416 0.6652360515021458 0.6934191702432047 0.6763948497854076 0.6945636623748213 0.671244635193133 0.6476394849785407 0.640343347639485 0.5469241773962804
7 0.496137339055794 0.8021459227467811 0.5158798283261803 0.870815450643777 0.5072961373390558 0.9886981402002861 0.5150214592274678 0.9944206008583693 0.5270386266094421 0.9955650929899857 0.5227467811158798 0.9818311874105866 0.5476394849785408 0.8570815450643777 0.5381974248927038 0.8147353361945637 0.49957081545064375 0.776967095851216 0.4935622317596566 0.7563662374821174
7 0.4892703862660944 0.7597997138769671 0.46437768240343347 0.8319027181688127 0.46523605150214586 0.8914163090128756 0.486695278969957 0.9967095851216023 0.49113948497854004 0.9973333333333333 0.5047210300429185 0.9967095851216023 0.4952789699570815 0.9154506437768241 0.49699570815450633 0.8341917024320459
7 0.5811158798283261 0.7666666666666667 0.6137339055793991 0.7723891273247497 0.592274678111588 0.8605150214592275 0.5776824034334763 0.9234620886981402 0.5613733905579399 0.9120171673819742
7 0.6489270386266094 0.7666666666666667 0.6944206008583691 0.9383404864091559 0.702145922746781 0.9223175965665237 0.6815450643776824 0.7655221745350501
3 0.5450643776824033 0.9200286123032905 0.5605150214592275 0.9120171673819742 0.5785407725321888 0.9188841201716738 0.5476394849785408 0.9429184549356223 0.5373390557939914 0.9326180257510731
3 0.6952789699570815 0.944062947067239 0.7064377682403433 0.9223175965665237 0.7313304721030043 0.9417739628040058 0.7261802575107296 0.9646638054363377 0.7133047210300428 0.9669527896995709
8 0.43948497854077256 0.5583690987124463 0.4600858369098712 0.5469241773962804 0.4944206008583691 0.5560801144492131 0.5047210300429185 0.5618025751072961 0.505579399141631 0.6499284692417739 0.5133047210300429 0.7002861230329042 0.45321888412017164 0.7094420600858369 0.4506437768240343 0.6876967095851215
8 0.5639484978540772 0.5503576537911301 0.5725321888412017 0.5480686695278969 0.607725321888412 0.5297567954220315 0.6197424892703862 0.5297567954220315 0.6137339055793991 0.55379113018598 0.6454935622317596 0.655650929899857 0.5931330472103005 0.6739628040057225 0.5836909871244635 0.6476394849785407 0.5699570815450644 0.596137339055794
