5 0.2623574144486693 0.5080168583077557 0.2927756653992396 0.5206147785056576 0.3003802281368822 0.5549727426817537 0.2790874524714829 0.5767327866599478 0.24638783269961978 0.5732969902423382 0.24638783269961978 0.5492464153190709
5 0.4783269961977186 0.5080168583077557 0.464638783269962 0.5332126987035595 0.46539923954372625 0.5973475651656054 0.4874524714828898 0.6053644234733612 0.508745247148289 0.5836043794951671 0.5019011406844107 0.5526822117366806
5 0.12015209125475286 0.9512345961793944 0.155893536121673 0.9042787118053964 0.176425855513308 0.9088597736955427 0.1832699619771863 0.9432177378716388 0.2159695817490494 0.9546703925970039 0.223574144486692 0.9821567639378809 0.22130155016086578 0.9969879518072289 0.11939163498098858 0.9936094186632463
5 0.24030418250950572 0.9707041092125156 0.2532319391634981 0.9569609235420772 0.267680608365019 0.9592514544871502 0.2768060836501901 0.9798662329928077 0.2754685752628047 0.9969879518072289 0.23422053231939163 0.9969879518072289 0.23498098859315586 0.9821567639378809
5 0.5855513307984791 0.9592514544871502 0.5954372623574146 0.9294745522012002 0.6319391634980989 0.9317650831462734 0.644106463878327 0.9512345961793944 0.6570180608365018 0.9969879518072289 0.576425855513308 0.9958999496083193
1 0.17566539923954372 0.7886068990792066 0.2220532319391635 0.7553942003756471 0.3041825095057034 0.7782995098263777 0.3239543726235742 0.6569013697375051 0.34448669201520915 0.5206147785056576 0.32927756653992396 0.5389390260662421 0.30798479087452474 0.5297769022859499 0.3026615969581749 0.514888451142975 0.29429657794676806 0.5526822117366806 0.2775665399239544 0.5836043794951671 0.24562737642585553 0.5927665032754593 0.23498098859315586 0.5755875211874112 0.20076045627376424 0.5870401759127766 0.14980988593155894 0.6133812817811168 0.13307984790874525 0.6122360163085804 0.13840304182509505 0.6397223876494572 0.14068441064638784 0.6546108387924321 0.1376425855513308 0.6626276971001879 0.13307984790874525 0.6763708827706262 0.19011406844106465 0.7061477850565762 0.1779467680608365 0.7771542443538412
1 0.41216730038022814 0.5698611938247286 0.41216730038022814 0.6145265472536534 0.40608365019011405 0.6282697329240918 0.39163498098859323 0.6168170781987264 0.40608365019011405 0.6465939804846764 0.43041825095057035 0.6866782720234551 0.44030418250950565 0.7061477850565762 0.4539923954372624 0.8527417655412525 0.4547528517110266 0.8813734023546659 0.4790874524714829 0.838998579870814 0.5026615969581749 0.8470154381785698 0.5140684410646388 0.8664849512116909 0.5680608365019011 0.832126987035595 0.5809885931558936 0.8069311466397912 0.5695817490494296 0.7920426954968162 0.5589353612167302 0.7153099088368684 0.5619771863117872 0.6305602638691649 0.5376425855513307 0.5572632736268267 0.5338403041825095 0.5996380961106784 0.5171102661596958 0.5939117687479958 0.511787072243346 0.5881854413853131 0.5011406844106464 0.6145265472536534 0.48136882129277564 0.6225434055614092 0.46311787072243343 0.6053644234733612
2 0.17566539923954372 0.7840258371890605 0.22661596958174904 0.7496678730129644 0.3057034220532319 0.7760089788813047 0.3193916349809886 0.8676302166842274 0.2661596958174905 0.9317650831462734 0.24942965779467682 0.9088597736955427 0.23878326996197716 0.9260387557835906 0.16730038022813687 0.8836639332997389 0.16501901140684408 0.8481607036511064 0.1467680608365019 0.8229648632553026 0.1703422053231939 0.8080764121123277
2 0.5133079847908746 0.8722112785743736 0.4973384030418251 0.8916807916074946 0.5224334600760455 0.9122955701131522 0.543726235741445 0.9707041092125156 0.5665399239543726 0.9443630033441753 0.5589353612167302 0.9111503046406157 0.5650190114068441 0.8836639332997389 0.5840304182509506 0.8401438453433506 0.576425855513308 0.8286911906179852
7 0.16882129277566538 0.890535526134958 0.23574144486692017 0.9306198176737369 0.23346007604562738 0.991318887718173 0.22737642585551326 0.9901736222456365 0.21596958174904943 0.9592514544871502 0.19543726235741446 0.9466535342892484 0.19011406844106465 0.93291034861881 0.17338403041825098 0.9088597736955427
7 0.2623574144486692 0.9363461450364194 0.3163498098859316 0.8676302166842274 0.32927756653992396 0.9157313665307618 0.3209125475285171 0.9409272069265655 0.29429657794676806 0.939781941454029 0.29125475285171104 0.9443630033441753 0.30798479087452474 0.9718493746850521 0.3110197027307294 0.9969879518072289 0.27832699619771867 0.9969879518072289 0.27604562737642585 0.9787209675202712 0.2707224334600761 0.9569609235420772
7 0.4950570342205323 0.9191671629483715 0.5125475285171103 0.9145861010582252 0.5277566539923955 0.93291034861881 0.5399239543726235 0.9684135782674425 0.546768060836502 0.9958999496083193 0.5049429657794676 0.9958999496083193 0.49429657794676807 0.9581061890146136
7 0.5665399239543726 0.8928260570800312 0.5878326996197718 0.868775482156764 0.6007604562737643 0.8779376059370562 0.617490494296578 0.9294745522012002 0.5984790874524715 0.9306198176737369 0.5718631178707224 0.9947546841357827 0.5612167300380229 0.9466535342892484 0.5627376425855514 0.9248934903110542
6 0.09809885931558936 0.4942736726373173 0.07756653992395436 0.47480415960419625 0.08060836501901139 0.517178982088048 0.08669201520912546 0.5423748224838518 0.09581749049429658 0.5481011498465345 0.11787072243346006 0.6717898208804801 0.12927756653992395 0.6752256172980897 0.1391634980988593 0.6477392459572129 0.12927756653992395 0.6065096889458976 0.11254752851711027 0.5240505749232672
6 0.3026615969581749 0.5274863713408768 0.311787072243346 0.4988547345274635 0.30798479087452474 0.37402079802098126 0.2965779467680608 0.36714920518576205 0.2950570342205323 0.3282101791195199 0.32015209125475286 0.36256814329561593 0.3247148288973384 0.3934903110541023 0.3300380228136882 0.40837876219707736 0.3239543726235742 0.4278482752301984 0.33460076045627374 0.5034357964176096 0.3414448669201521 0.5183242475605846 0.3300380228136882 0.5389390260662421
6 0.32775665399239545 0.4003619038893215 0.34980988593155893 0.3923450455815658 0.3574144486692015 0.39578084199917546 0.3490494296577947 0.4209766823949792 0.34600760456273766 0.43701039901049066 0.3543726235741445 0.47365889413165974 0.3832699619771864 0.5435200879563883 0.41368821292775665 0.5755875211874112 0.41216730038022814 0.6076549544184342 0.4068441064638783 0.6259792019790187 0.38555133079847914 0.6110907508360438 0.34980988593155893 0.5458106189014613 0.3437262357414449 0.519469513033121 0.3338403041825095 0.48969261074717124 0.3224334600760456 0.42899354070273493
6 0.420532319391635 0.3568418159329333 0.4190114068441065 0.36714920518576205 0.4281368821292776 0.38661871821888316 0.4190114068441065 0.38432818727381013 0.41977186311787074 0.3934903110541023 0.4334600760456274 0.4037977003069312 0.4243346007604562 0.4095240276696139 0.4190114068441065 0.41410508955975994 0.4311787072243346 0.42441247881258876 0.4395437262357414 0.4415914609006368 0.45551330798479084 0.4553346465710752 0.4653992395437262 0.4770946905492694 0.4699619771863118 0.49083787621970776 0.4783269961977186 0.5068715928352192 0.48288973384030426 0.514888451142975 0.4950570342205323 0.5366484951211691 0.5064638783269961 0.5549727426817537 0.5125475285171103 0.5927665032754593 0.5330798479087453 0.5962022996930689 0.5391634980988592 0.5549727426817537 0.5110266159695818 0.4931284071647808 0.45855513307984797 0.43357460259288105 0.4395437262357414 0.38432818727381013
6 0.29277566539923955 0.9477987997617848 0.30038022813688214 0.9420724723991021 0.32015209125475286 0.9363461450364194 0.3300380228136882 0.9191671629483715 0.3361216730038023 0.9455082688167118 0.3376425855513308 0.9535251271244675 0.3346826557472945 0.9969879518072289 0.3133079847908745 0.9958999496083193 0.308745247148289 0.9718493746850521
6 0.4653992395437262 0.868775482156764 0.47756653992395437 0.8424343762884237 0.5011406844106464 0.8481607036511064 0.49961977186311796 0.8756470749919831 0.5087452471482891 0.8573228274313986 0.5133079847908746 0.8641944202666177 0.4973384030418251 0.890535526134958 0.49201520912547536 0.9019881808603234 0.5034220532319392 0.9958999496083193 0.4658555133079872 0.9969879518072289 0.461596958174905 0.9477987997617848
6 0.5931558935361217 0.8458701727060334 0.5794676806083651 0.834417517980668 0.5771863117870724 0.8115122085299372 0.588593155893536 0.8080764121123277 0.5939163498098861 0.7920426954968162 0.6091254752851712 0.8057858811672547 0.6167300380228137 0.836708048925741 0.6501901140684411 0.8939713225525678 0.6752851711026617 0.9764304365751981 0.6532319391634981 0.9638325163772963 0.6365019011406844 0.9340556140913464
