3 0.33912037037037035 0.42798353909465026 0.30594135802469136 0.3605395518975766 0.2588734567901234 0.3639689071787837 0.2334104938271605 0.4142661179698217 0.22106481481481483 0.47713763145861915 0.23572530864197533 0.5342935528120714 0.2681327160493827 0.5685871056241427 0.30979938271604934 0.5731595793324189 0.3252314814814815 0.5171467764060357 0.3368055555555555 0.48513946044810247
3 0.5335648148148148 0.138774577046182 0.5003858024691358 0.23593964334705075 0.5443672839506173 0.2988111568358482 0.5999228395061728 0.3251028806584362 0.6307870370370369 0.2725194330132602 0.638503086419753 0.1719250114311843 0.6045524691358025 0.10676726108824877 0.5605709876543209 0.09876543209876548
1 0.21026234567901234 0.5868770004572473 0.18634259259259256 0.5983081847279378 0.2025462962962963 0.7377686328303612 0.1909722222222222 0.8566529492455418 0.31751543209876537 0.8818015546410608 0.35378086419753085 0.8680841335162323 0.3607253086419753 0.8017832647462277 0.3900462962962962 0.7994970278920895 0.39621913580246915 0.706904435299497 0.38001543209876537 0.5697302240512118 0.35686728395061723 0.5651577503429356 0.34452160493827155 0.6714677640603567 0.3152006172839506 0.7377686328303612 0.2665895061728395 0.7366255144032923 0.23649691358024688 0.6760402377686329
5 0.4085648148148148 0.35482395976223136 0.4124228395061728 0.4074074074074074 0.4278549382716049 0.423411065386374 0.4625771604938272 0.3994055784179241 0.4540895061728395 0.3662551440329218 0.4440586419753086 0.34682213077274804 0.4301697530864198 0.33539094650205764
1 0.5235339506172839 0.3399634202103338 0.5327932098765432 0.32281664380429814 0.6037808641975307 0.3582533150434385 0.6284722222222221 0.39140374942844075 0.6315586419753086 0.3136716963877458 0.6670524691358025 0.34682213077274804 0.7094907407407407 0.5022862368541382 0.7118055555555555 0.8040695016003657 0.6616512345679013 0.8315043438500228 0.5412808641975307 0.81092821216278 0.5050154320987654 0.7732053040695016 0.5196759259259259 0.6874714220393233 0.4540895061728395 0.680612711476909 0.4525462962962962 0.5342935528120714 0.4602623456790123 0.448559670781893 0.5011574074074073 0.38454503886602653
2 0.5011574074074073 0.7800640146319159 0.4857253086419753 0.887517146776406 0.6917438271604939 0.914951989026063 0.6963734567901234 0.8189300411522633 0.6678240740740741 0.8292181069958846 0.5381944444444445 0.808641975308642 0.5104166666666666 0.782350251486054
6 0.4116512345679012 0.44170096021947874 0.4278549382716049 0.448559670781893 0.4332561728395062 0.5365797896662095 0.4131944444444445 0.5080018289894833
6 0.18325617283950618 0.6143118427069044 0.20177469135802467 0.7377686328303612 0.18942901234567902 0.8555098308184728 0.2172067901234568 0.8795153177869226 0.31211419753086417 0.8852309099222678 0.3506944444444444 0.8783721993598536 0.35223765432098764 0.9423868312757201 0.3414351851851852 0.9526748971193415 0.2827932098765432 0.940100594421582 0.22646604938271603 0.9458161865569271 0.18865740740740738 0.9503886602652035 0.1454475308641975 0.9252400548696845 0.12692901234567902 0.8852309099222678 0.1284722222222222 0.7263374485596709 0.14853395061728397 0.6714677640603567 0.16010802469135801 0.6223136716963878
6 0.38695987654320985 0.5834476451760402 0.40547839506172834 0.6120256058527663 0.4340277777777778 0.7377686328303612 0.4239969135802469 0.8463648834019203 0.3985339506172839 0.9218106995884773 0.39390432098765427 0.890946502057613 0.3908179012345679 0.864654778235025 0.3977623456790123 0.8509373571101966 0.39313271604938266 0.8006401463191586 0.3993055555555555 0.7377686328303612 0.4000771604938272 0.7034750800182898 0.38695987654320985 0.6245999085505258
6 0.44714506172839497 0.6897576588934614 0.509645061728395 0.6943301326017375 0.49112654320987653 0.7903520804755373 0.44945987654320985 0.9058070416095108 0.4525462962962962 0.9195244627343393 0.44714506172839497 0.9526748971193415 0.42708333333333326 0.9595336076817558 0.4023919753086419 0.9766803840877913 0.3854166666666667 0.9721079103795153 0.3923611111111111 0.9435299497027891 0.4000771604938272 0.9058070416095108 0.41936728395061723 0.8497942386831275 0.4425154320987655 0.705761316872428
8 0.23263888888888887 0.6268861454046639 0.27044753086419754 0.6360310928212163 0.3067129629629629 0.6337448559670782 0.3483796296296296 0.6108824874256973 0.33912037037037035 0.6840420667581162 0.3159722222222222 0.7331961591220851 0.27276234567901236 0.7354823959762231 0.2403549382716049 0.6783264746227708
