5 0.38197424892703863 0.08683834048640915 0.3261802575107296 0.15550786838340486 0.3090128755364807 0.2619456366237482 0.2909871244635193 0.265379113018598 0.2892703862660944 0.32145922746781114 0.3055793991416309 0.361516452074392 0.3072961373390558 0.4107296137339056 0.35708154506437767 0.4748211731044349 0.4257510729613733 0.4862660944206008 0.47124463519313303 0.4427753934191702 0.4935622317596566 0.3695278969957081 0.49957081545064375 0.2859799713876967 0.5124463519313305 0.19785407725321885 0.4695278969957081 0.09370529327610873 0.41802575107296136 0.06852646638054363
5 0.6489270386266094 0.24363376251788266 0.7630901287553647 0.217310443490701 0.8472103004291845 0.22188841201716739 0.8618025751072962 0.25507868383404864 0.8454935622317596 0.3031473533619456 0.857510729613734 0.3569384835479256 0.830901287553648 0.40500715307582263 0.7682403433476394 0.4496423462088698 0.7158798283261802 0.4633762517882689 0.6884120171673819 0.4439198855507868 0.672961373390558 0.3969957081545064 0.6532188841201717 0.3111587982832618
5 0.5090128755364807 0.2505007153075823 0.5484978540772533 0.24821173104434907 0.5716738197424893 0.2722460658082975 0.5733905579399142 0.31459227467811157 0.5802575107296137 0.34206008583690983 0.5836909871244635 0.4084406294706724 0.575107296137339 0.4622317596566523 0.5553648068669528 0.4908440629470672 0.496137339055794 0.48283261802575106 0.478969957081545 0.4656652360515022 0.4755364806866952 0.41645207439198856 0.4944206008583691 0.3763948497854077 0.49871244635193124 0.3031473533619456
5 0.15793991416309014 0.2608011444921316 0.21030042918454936 0.265379113018598 0.2532188841201717 0.31230329041487837 0.2703862660944206 0.3958512160228898 0.2609442060085837 0.42446351931330467 0.22317596566523606 0.4267525035765379 0.1828326180257511 0.38898426323319024 0.14506437768240343 0.37525035765379117 0.136480686695279 0.3397711015736767 0.13218884120171676 0.29971387696709584
0 0.6008583690987124 0.24020028612303287 0.6283261802575107 0.211587982832618 0.6472103004291845 0.14635193133047208 0.6600858369098712 0.05708154506437769 0.7184549356223175 0.028469241773962803 0.7991416309012875 0.02389127324749642 0.830901287553648 0.04563662374821174 0.8420600858369098 0.1200286123032904 0.8429184549356223 0.18183118741058654 0.8626609442060085 0.20701001430615162 0.8763948497854076 0.2104434907010014 0.83862660944206 0.22074391988555078 0.7450643776824033 0.217310443490701
1 0.8703862660944205 0.3855507868383405 0.8145922746781116 0.4347639484978541 0.7527896995708154 0.4839771101573676 0.7356223175965665 0.5206008583690986 0.7836909871244635 0.4977110157367668 0.8266094420600857 0.5103004291845493 0.830901287553648 0.5412017167381974 0.7716738197424893 0.5515021459227467 0.7587982832618025 0.5549356223175966 0.8077253218884121 0.5606580829756795 0.8223175965665237 0.5721030042918455 0.8025751072961372 0.5858369098712446 0.7364806866952789 0.5984263233190271 0.7373390557939914 0.6087267525035764 0.7914163090128754 0.6190271816881259 0.7896995708154505 0.6350500715307582 0.7321888412017168 0.6510729613733905 0.6995708154506437 0.6876967095851215 0.671244635193133 0.7575107296137339 0.7871244635193133 0.7105865522174536 0.8137339055793991 0.7014306151645209 0.8583690987124462 0.7220314735336195 0.896137339055794 0.7575107296137339 0.998 0.77309627336476 0.998 0.4656652360515022 0.9210300429184549 0.3821173104434907
1 0.2909871244635193 0.4187410586552217 0.24892703862660945 0.42904148783977103 0.21974248927038625 0.43018597997138763 0.18197424892703865 0.3947067238912732 0.1424892703862661 0.3821173104434907 0.10729613733905577 0.4267525035765379 0.10214592274678111 0.44735336194563663 0.1459227467811159 0.4908440629470672 0.1648068669527897 0.5446351931330472 0.13390557939914166 0.5881258941344778 0.1648068669527897 0.5881258941344778 0.1742489270386266 0.6224606580829757 0.14849785407725322 0.6785407725321888 0.11158798283261805 0.6934191702432047 0.0901287553648069 0.740343347639485 0.09785407725321889 0.81931330472103 0.049785407725321904 0.9944206008583693 0.4695278969957081 0.9944206008583693 0.4600858369098712 0.9509298998569385 0.496137339055794 0.8765379113018599 0.51931330472103 0.8570815450643777 0.534763948497854 0.7334763948497854 0.5218884120171673 0.6030042918454935 0.4884120171673819 0.525178826895565 0.43605150214592275 0.4977110157367668 0.4171673819742489 0.4874105865522174 0.3974248927038626 0.5045779685264664 0.3330472103004291 0.47138769670958514
1 0.4592274678111588 0.4759656652360515 0.4952789699570815 0.5080114449213161 0.5493562231759657 0.5171673819742488 0.5708154506437768 0.49656652360515025 0.6085836909871244 0.5240343347639486 0.6609442060085837 0.5949928469241774 0.6798283261802575 0.609871244635193 0.607725321888412 0.6957081545064377 0.5304721030042918 0.7311874105865522 0.5227467811158798 0.5869814020028612 0.49098712446351933 0.5217453505007152 0.4291845493562231 0.49656652360515025
6 0.544206008583691 0.7929899856938484 0.6721030042918454 0.7597997138769671 0.6969957081545064 0.6842632331902718 0.7364806866952789 0.6510729613733905 0.7862660944206008 0.632761087267525 0.7879828326180257 0.6201716738197425 0.7330472103004291 0.609871244635193 0.7339055793991416 0.6007153075822603 0.8025751072961372 0.5824034334763948 0.8171673819742489 0.5732474964234621 0.8094420600858369 0.5629470672389127 0.7570815450643776 0.55379113018598 0.7751072961373391 0.5412017167381974 0.8240343347639484 0.536623748211731 0.8248927038626609 0.5160228898426323 0.7845493562231759 0.5034334763948498 0.7364806866952789 0.519456366237482 0.7064377682403433 0.565236051502146 0.6866952789699571 0.60758226037196 0.6008583690987124 0.7105865522174536 0.5381974248927038 0.7334763948497854
6 0.1278969957081545 0.2722460658082975 0.16394849785407725 0.14978540772532187 0.15708154506437771 0.059370529327610874 0.12875536480686695 0.050214592274678116 0.09957081545064378 0.08798283261802574 0.09098712446351934 0.15665236051502146 0.06180257510729612 0.24248927038626608 0.007725321888412026 0.3042918454935622 0.0 0.32180257510729615 0.0 0.7140200286123033 0.005150214592274693 0.7357653791130186 0.06008583690987123 0.7449213161659514 0.09270386266094423 0.7369098712446353 0.11072961373390561 0.6934191702432047 0.1648068669527897 0.655650929899857 0.17682403433476399 0.6121602288984263 0.1682403433476395 0.5846924177396281 0.14506437768240343 0.5881258941344778 0.15450643776824038 0.5091559370529327 0.136480686695279 0.48054363376251785 0.09356223175965667 0.4496423462088698 0.10729613733905577 0.41416309012875535 0.1347639484978541 0.39012875536480685 0.1407725321888412 0.34778254649499285
6 0.7896995708154505 0.7071530758226037 0.6978540772532189 0.7472103004291846 0.5364806866952789 0.7918454935622319 0.5364806866952789 0.825035765379113 0.5759656652360514 0.8433476394849786 0.6944206008583691 0.8078683834048641 0.7158798283261802 0.8467811158798284 0.6317596566523604 0.865092989985694 0.5081545064377682 0.8742489270386267 0.48154506437768235 0.9040057224606581 0.46437768240343347 0.9062947067238913 0.4626609442060086 0.9360515021459228 0.4918454935622317 0.9669527896995709 0.5648068669527896 0.9623748211731045 0.607725321888412 0.9669527896995709 0.6206008583690986 0.9955650929899857 0.9459227467811159 0.9944206008583693 0.9622317596566522 0.901716738197425 0.9381974248927037 0.8021459227467811 0.903862660944206 0.763233190271817 0.855793991416309 0.7231759656652361 0.8163090128755364 0.7002861230329042
