5 0.23359073359073357 0.23076085835729748 0.20785070785070786 0.24794633548342743 0.20098670098670096 0.2628404156594067 0.1864006864006864 0.2937742744864406 0.19326469326469325 0.33272802263900186 0.1864006864006864 0.33616511806422783 0.19583869583869581 0.3590790875657344 0.21214071214071212 0.3842844540173917 0.23616473616473616 0.42094680521980216 0.2824967824967825 0.4232382021699529 0.29365079365079366 0.3556419921405084 0.297940797940798 0.29491997296151595 0.28592878592878596 0.24794633548342743
5 0.1400686400686401 0.3212710378882485 0.06027456027456026 0.33387372111407715 0.0311025311025311 0.40146993114352164 0.03796653796653797 0.4702118396480414 0.07314457314457315 0.489688713724322 0.12119262119262121 0.5240596679765819 0.1640926640926641 0.5274967634018078 0.18725868725868725 0.44615217167145943 0.1966966966966967 0.3991785341933709 0.18382668382668385 0.3556419921405084 0.14864864864864863 0.3258538317885498
5 0.41720291720291725 0.2193038736065442 0.4343629343629343 0.2594033202341807 0.44980694980694985 0.2960656714365913 0.4532389532389533 0.3281452287387005 0.4257829257829258 0.3281452287387005 0.3837408837408837 0.34074791196452914 0.37516087516087515 0.3693903738414124 0.36743886743886744 0.3418936104396044 0.364006864006864 0.3052312592371939 0.35027885027885025 0.2800258927855367 0.34255684255684254 0.24794633548342743 0.364006864006864 0.2204495720816195 0.38459888459888464 0.20899258733086623
5 0.7054912054912054 0.2823172897356873 0.6780351780351781 0.3006484653368926 0.672029172029172 0.3441850073897551 0.6728871728871728 0.36824467536633704 0.6814671814671815 0.375118866216789 0.6943371943371944 0.37282746926663834 0.7200772200772202 0.39574143876814494 0.7346632346632348 0.4140726143693502 0.7458172458172458 0.375118866216789 0.750965250965251 0.3269995302636252 0.7312312312312312 0.2983570683867419
5 0.871943371943372 0.2972113699116666 0.8350493350493351 0.31325114856272124 0.8410553410553411 0.3544962936654331 0.8299013299013298 0.38313875554231636 0.8453453453453453 0.4106355189441242 0.8582153582153582 0.4346951869207062 0.9114114114114114 0.4312580914954802 0.9603174603174602 0.4358408853957815 0.9517374517374517 0.39230434334291897 0.9354354354354354 0.32012533941317317 0.9036894036894038 0.29148287753628993
5 0.5922350922350923 0.30866835466241993 0.6016731016731016 0.2926285760113653 0.6256971256971257 0.29950276686181726 0.6291291291291292 0.3396022134894538 0.6282711282711284 0.3590790875657344 0.5896610896610898 0.3590790875657344
5 0.33483483483483484 0.31095975161257056 0.31853281853281856 0.3166882439879472 0.3253968253968254 0.3430393089146798 0.327970827970828 0.378555961642015 0.3408408408408409 0.3980328357182956 0.3614328614328614 0.385430152492467 0.3708708708708709 0.3590790875657344 0.3605748605748606 0.33158232416392647
1 0.5905190905190906 0.3590790875657344 0.5682110682110683 0.3865758509675423 0.5673530673530675 0.4507349655717608 0.5853710853710853 0.5400994466276365 0.5888030888030887 0.5744704008798964 0.6042471042471044 0.5779074963051224 0.5982410982410983 0.4851059198240207 0.6411411411411412 0.40376132809367227 0.6282711282711284 0.36480757994111107 0.6008151008151008 0.36366188146603573
1 0.6943371943371944 0.3797016601170904 0.6359931359931359 0.40376132809367227 0.6154011154011154 0.44615217167145943 0.5999570999571001 0.5103112862756779 0.6042471042471044 0.6661262788859228 0.648863148863149 0.6901859468625047 0.7132132132132132 0.6867488514372787 0.7561132561132561 0.6810203590619021 0.732089232089232 0.6271725307333617 0.7595452595452596 0.5687419085045198 0.7767052767052767 0.5675962100294444 0.8470613470613472 0.6466494048096422 0.8813813813813814 0.6386295154841148 0.8976833976833978 0.5801988932552731 0.8539253539253538 0.5481193359531638 0.7998712998713 0.47708603049849335 0.7612612612612614 0.4369865838708568 0.7286572286572287 0.4175097097945762
1 0.8627198627198628 0.44271507624623335 0.8026598026598026 0.451880664046836 0.8000858000858001 0.46906614117296597 0.8232518232518232 0.6283182292084358 0.8009438009438008 0.698205836188031 0.8352638352638352 0.7314310919652156 0.9202059202059203 0.7509079660414965 0.9648219648219649 0.7417423782408937 0.945945945945946 0.6798746605868257 0.9605319605319607 0.5950929734312513 0.9768339768339769 0.5435365420528621 0.9897039897039898 0.5446822405279372 0.9802659802659802 0.4472978701465347 0.945945945945946 0.4438607747213087
1 0.394036894036894 0.3533505951903578 0.43264693264693266 0.33845651501437846 0.44294294294294295 0.3556419921405084 0.47983697983697987 0.36824467536633704 0.4978549978549979 0.37626456469186437 0.5201630201630201 0.39230434334291897 0.5493350493350494 0.49885430152492466 0.5416130416130417 0.5962386719063276 0.5484770484770485 0.6523778971850188 0.5115830115830116 0.6615434849856214 0.4721149721149721 0.6787289621117514 0.4523809523809524 0.6810203590619021 0.4232089232089232 0.6775832636366761 0.4060489060489061 0.583635988680499 0.37773487773487774 0.49541720609969864 0.3305448305448306 0.4358408853957815 0.34255684255684254 0.39574143876814494 0.3708708708708709 0.39001294639276834
1 0.3236808236808237 0.44271507624623346 0.29021879021879027 0.4381322823459322 0.23873873873873871 0.45417206099698676 0.20356070356070355 0.40605272504382295 0.1821106821106821 0.4553177594720621 0.17353067353067356 0.49770860304984926 0.23873873873873871 0.5091655878006026 0.2962247962247962 0.6649805804108474 0.30223080223080223 0.7371595843405933 0.2962247962247962 0.8185041760709416 0.2696267696267696 0.8288154623466197 0.26705276705276704 0.8540208287982769 0.2910767910767911 0.9147428479772693 0.3133848133848134 0.9514051991796799 0.3477048477048477 0.923908435777872 0.35456885456885456 0.8780804967748589 0.3682968682968683 0.8207955730210924 0.3537108537108537 0.7383052828156685 0.3931788931788932 0.6993515346631074 0.41548691548691546 0.6661262788859228 0.40261690261690264 0.5801988932552731 0.376018876018876 0.5011456984750753 0.34942084942084944 0.47135753812311676
1 0.2232947232947233 0.7772590309682298 0.28335478335478337 0.8185041760709416 0.2962247962247962 0.8230869699712429 0.30223080223080223 0.7520536645165725 0.30137280137280137 0.684457454487128 0.29193479193479194 0.6592520880354709 0.24131274131274136 0.5103112862756779 0.1795366795366795 0.49656290457477403 0.16323466323466326 0.5263510649267326 0.1555126555126555 0.5492650344282392 0.1555126555126555 0.5928015764811017 0.15293865293865294 0.614569847507533 0.12805662805662804 0.5675962100294444 0.0697125697125697 0.5126026832258286 0.058558558558558564 0.5400994466276365 0.005362505362505361 0.5492650344282392 0.0 0.55642564989746 0.0 0.819649874546017 0.02252252252252251 0.8815175922000847 0.05684255684255684 0.8906831800006875 0.11690261690261691 0.8780804967748589 0.14693264693264696 0.8047557943700377 0.1821106821106821 0.8001730004697363
2 0.09287859287859286 0.9605707869802824 0.15465465465465467 0.9009944662763655 0.25933075933075933 0.8356896531970717 0.2799227799227799 0.896411672376064 0.29021879021879027 0.9250541342529472 0.2987987987987988 0.9915046458073165 0.08773058773058773 0.9937960427574671
2 0.36486486486486486 0.8872460845754614 0.3631519912769913 0.9970326409495549 0.3408408408408409 0.9960874397076177 0.3382668382668383 0.9915046458073165 0.33226083226083225 0.9960874397076177 0.3133848133848134 0.9960874397076177 0.29365079365079366 0.9284912296781733 0.3133848133848134 0.9548422946049059 0.34255684255684254 0.9273455312030979 0.3537108537108537 0.8826632906751601
2 0.4283569283569284 0.6638348819357721 0.4283569283569284 0.6810203590619021 0.4540969540969541 0.6810203590619021 0.5364650364650364 0.6672719773609982 0.5561990561990563 0.7566364584168739 0.5381810381810382 0.9915046458073165 0.4918489918489919 0.9937960427574671 0.47297297297297297 0.8448552409976742 0.4592449592449593 0.9926503442823917 0.3914628914628915 0.9926503442823917 0.3734448734448735 0.8265240653964689 0.3631488631488632 0.7279939965399906 0.3957528957528958 0.70851712246371 0.43522093522093525 0.6833117560120527
2 0.6016731016731016 0.6924773438126554 0.7492492492492493 0.7027886300883334 0.7578292578292578 0.805901492845113 0.7535392535392536 0.8918288784757628 0.7475332475332476 0.9937960427574671 0.7237794937794939 0.9970326409495549 0.7037752037752039 0.9970326409495549 0.7020592020592021 0.8597493211736534 0.6874731874731876 0.8276697638715443 0.6771771771771773 0.9949417412325425 0.6274131274131274 0.9960874397076177 0.5982410982410983 0.8013186989448117
2 0.793007293007293 0.7531993629916478 0.8007293007293007 0.7176827102643126 0.8401973401973404 0.7451794736661206 0.8805233805233805 0.7497622675664218 0.956027456027456 0.7509079660414971 0.9508794508794509 0.7806961263934558 0.9534534534534534 0.9903589473322411 0.8153153153153153 0.9960874397076177
5 0.7809952809952809 0.31783394246302255 0.7724152724152724 0.33387372111407715 0.7801372801372801 0.3556419921405084 0.7912912912912915 0.3590790875657344 0.7972972972972973 0.3396022134894538 0.7912912912912915 0.3143968470377966
6 0.21814671814671815 0.781841824868531 0.1435006435006435 0.8414181455724483 0.11518661518661519 0.8849546876253108 0.0722865722865723 0.8895374815256121 0.04568854568854568 0.910160054076968 0.04225654225654226 0.9422396113790773 0.06284856284856283 0.9731734702061112 0.09116259116259118 0.9708820732559605 0.1537966537966538 0.9021401647514407 0.2807807807807808 0.8207955730210924 0.22758472758472761 0.7852789202937571
6 0.3803088803088803 0.6546692941351695 0.3691548691548691 0.6684176758360735 0.3030888030888031 0.7394509812907439 0.2970827970827971 0.8081928897952636 0.4111969111969112 0.6752918666865254 0.3966108966108966 0.6592520880354709
6 0.8968253968253967 0.5859273856306497 0.8848133848133848 0.6374838170090396 0.9517374517374517 0.6466494048096422 0.9663234663234662 0.6466494048096422 0.9774774774774776 0.6306096261585876 0.9611754611754613 0.6122784505573823
6 0.7475332475332476 0.5893644810558757 0.7792792792792794 0.6202983398829095 0.7964392964392965 0.6134241490324576 0.8196053196053196 0.6191526414078343 0.823037323037323 0.6260268322582863 0.811883311883312 0.6477951032847176 0.7998712998713 0.6523778971850188 0.7801372801372801 0.6512321987099435 0.732947232947233 0.6214440383579849
