5 0.10574712643678162 0.2735460627895007 0.13946360153256707 0.23122891290673067 0.16015325670498087 0.23809115342826095 0.1777777777777778 0.2621089952536169 0.18007662835249044 0.30099502487562185 0.17701149425287357 0.3433121747583919 0.16015325670498087 0.35474924229427574 0.12643678160919541 0.3318751072225081
5 0.23371647509578547 0.13858866586607188 0.2199233716475096 0.15345685366272083 0.22222222222222224 0.2014925373134328 0.22681992337164752 0.23122891290673067 0.23908045977011494 0.2621089952536169 0.26590038314176245 0.2792645965574426 0.27892720306513413 0.26554011551438206 0.2881226053639847 0.223222965631612 0.2888888888888889 0.17518728198090006 0.27969348659003834 0.15345685366272083 0.2567049808429119 0.13401383885171836
5 0.3739463601532567 0.28841425058614967 0.3816091954022989 0.2632527020072053 0.3977011494252874 0.2586778749928518 0.410727969348659 0.25982158174644016 0.4252873563218391 0.29527649110767995 0.4199233716475096 0.3444558815119803 0.3977011494252874 0.3604677760622176 0.38084291187739466 0.35017441527992216
5 0.4597701149425288 0.12829530508377648 0.45287356321839084 0.16946874821295813 0.4513409961685824 0.20377995082060954 0.46513409961685825 0.22894149939955388 0.49272030651341 0.23694744667467257 0.5049808429118775 0.22093555212443525 0.5057471264367817 0.18319322925601872 0.5088122605363985 0.15002573340195569 0.49195402298850577 0.11571453079430429 0.47432950191570883 0.1145708240407159 0.4674329501915709 0.12257677131583457
5 0.5670498084291188 0.25982158174644016 0.5839080459770115 0.256390461485675 0.5954022988505746 0.2758334762966775 0.6022988505747127 0.2815520100646194 0.6 0.31243209241150566 0.5923371647509579 0.3261565734545662 0.5670498084291188 0.328443986961743 0.5563218390804597 0.304426145136387
5 0.6413793103448275 0.3170069194258591 0.6513409961685823 0.30671355864356376 0.671264367816092 0.2929890776005032 0.6865900383141762 0.3032824383827986 0.6888888888888889 0.34102476125121517 0.6735632183908046 0.370761136844513 0.6513409961685823 0.37190484359810144 0.6245210727969348 0.31815062617944756
5 0.6919540229885057 0.2346600331674958 0.7042145593869732 0.22551037913878874 0.718007662835249 0.23580373992108417 0.7279693486590038 0.26668382226797044 0.7256704980842911 0.2975639046148567 0.7111111111111111 0.3147195059186824 0.6850574712643678 0.3112883856579173 0.6957854406130268 0.2975639046148567 0.6835249042145594 0.2609652885000286 0.6865900383141762 0.24380968719620286
5 0.7754789272030651 0.22779779264596553 0.7938697318007664 0.22894149939955388 0.8091954022988506 0.2518156344713215 0.8122605363984674 0.2746897695430891 0.8061302681992337 0.28841425058614967 0.7961685823754788 0.30671355864356376 0.7762452107279694 0.31014467890432884 0.7639846743295019 0.28955795733973805 0.7624521072796935 0.2529593412249099 0.7639846743295019 0.23694744667467257
5 0.8758620689655172 0.2083547778349631 0.8651340996168582 0.21521701835649337 0.8597701149425288 0.2300852061531423 0.8590038314176245 0.2689712357751472 0.8689655172413793 0.2861268370789729 0.8835249042145593 0.29070166409332643 0.900383141762452 0.2849831303253845 0.9111111111111111 0.2746897695430891 0.9134099616858238 0.23351632641390743 0.9126436781609195 0.22207925887802366 0.8934865900383141 0.20721107108137468
5 0.9226053639846743 0.20949848458855144 0.9356321839080459 0.22207925887802366 0.9348659003831417 0.247240807456968 0.9318007662835249 0.2689712357751472 0.9295019157088122 0.28383942357179615 0.9203065134099616 0.27812088980385424 0.918007662835249 0.24037856693543772 0.9241379310344828 0.22894149939955388
0 0.11034482758620692 0.20492365757419795 0.14022988505747128 0.1957740035454909 0.1777777777777778 0.21178589809572823 0.17011494252873563 0.2460971007033796 0.14559386973180077 0.2346600331674958 0.10651340996168582 0.2701149425287356 0.10268199233716475 0.2849831303253845 0.08735632183908046 0.2861268370789729 0.08045977011494253 0.2735460627895007 0.09272030651340998 0.2392348601818493 0.10268199233716475 0.21178589809572823
0 0.3770114942528736 0.2415222736890261 0.3831417624521073 0.23694744667467257 0.4076628352490422 0.23237261966031902 0.41685823754789275 0.2529593412249099 0.4114942528735633 0.2609652885000286 0.3961685823754789 0.2609652885000286 0.3777777777777778 0.26554011551438206 0.37318007662835256 0.2929890776005032 0.3647509578544062 0.30213873162921023 0.357088122605364 0.29070166409332643 0.35862068965517246 0.2575341682392634
0 0.5517241379310345 0.2506719277177331 0.5624521072796934 0.22779779264596553 0.5800766283524904 0.22207925887802366 0.5954022988505746 0.23351632641390743 0.6091954022988506 0.2506719277177331 0.617624521072797 0.2861268370789729 0.6068965517241379 0.29527649110767995 0.5846743295019158 0.2586778749928518 0.563984674329502 0.25982158174644016 0.557088122605364 0.30213873162921023 0.5547892720306513 0.2758334762966775
0 0.632183908045977 0.2849831303253845 0.6421455938697318 0.2758334762966775 0.6636015325670498 0.26554011551438206 0.6812260536398468 0.2621089952536169 0.6904214559386973 0.29527649110767995 0.6865900383141762 0.3090009721507405 0.6704980842911877 0.2872705438325613 0.6544061302681993 0.3055698518899754 0.6406130268199234 0.313575799165094 0.6222222222222221 0.31243209241150566 0.6229885057471264 0.30099502487562185
0 0.6766283524904214 0.21636072511008173 0.6651340996168582 0.2506719277177331 0.6697318007662836 0.2632527020072053 0.6835249042145594 0.2575341682392634 0.6927203065134099 0.23580373992108417 0.7111111111111111 0.22894149939955388 0.7249042145593869 0.247240807456968 0.7295019157088123 0.24037856693543772 0.7241379310344828 0.22093555212443525 0.7095785440613026 0.1957740035454909 0.6904214559386973 0.19806141705266764
0 0.7670498084291189 0.19806141705266764 0.7578544061302682 0.21521701835649337 0.7601532567049808 0.2415222736890261 0.7777777777777777 0.22894149939955388 0.7954022988505747 0.23237261966031902 0.8084291187739464 0.24952822096414473 0.8122605363984674 0.26668382226797044 0.828352490421456 0.2506719277177331 0.8245210727969349 0.22093555212443525 0.8015325670498085 0.20377995082060954
0 0.8850574712643678 0.17633098873448844 0.9118773946360154 0.18090581574884193 0.9272030651340996 0.18548064276319548 0.9279693486590038 0.20492365757419795 0.9141762452107279 0.22093555212443525 0.8934865900383141 0.2014925373134328 0.8643678160919541 0.21521701835649337 0.8567049808429118 0.2586778749928518 0.849808429118774 0.2300852061531423 0.8528735632183908 0.1957740035454909 0.8735632183908045 0.17633098873448844
1 0.09348659003831418 0.36275518956939434 0.0574712643678161 0.4004975124378109 0.04827586206896552 0.599502487562189 0.06130268199233716 0.5926402470406588 0.07892720306513411 0.5949276605478356 0.08582375478927204 0.6063647280837193 0.08275862068965517 0.6280951564018985 0.07892720306513411 0.6441070509521359 0.05977011494252874 0.6463944644593127 0.07892720306513411 0.7470406587750901 0.11954022988505747 0.737891004746383 0.12643678160919541 0.7173042831817922 0.15938697318007664 0.7195916966889689 0.18390804597701152 0.7104420426602619 0.18773946360153257 0.6578315319951965 0.19463601532567051 0.6578315319951965 0.21072796934865903 0.6921427346028479 0.22681992337164752 0.689855321095671 0.23295019157088126 0.6761308400526105 0.2636015325670498 0.6658374792703151 0.23754789272030655 0.4942814662320581 0.1984674329501916 0.361611482815806 0.17394636015325673 0.35703665580145244 0.16475095785440616 0.36275518956939434 0.16475095785440616 0.38906044490192715 0.15478927203065135 0.39592268542345743 0.1371647509578544 0.37991079087322005 0.11724137931034483 0.3581803625550409
1 0.22835249042145597 0.2529593412249099 0.21149425287356324 0.26439640876079373 0.17701149425287357 0.2861268370789729 0.1823754789272031 0.3227254531938011 0.17471264367816092 0.34216846800480355 0.1731800766283525 0.34903070852633383 0.17164750957854408 0.35589294904786406 0.20000000000000004 0.36504260307657116 0.23831417624521078 0.4942814662320581 0.25363984674329504 0.5869217132727169 0.2720306513409962 0.5869217132727169 0.27816091954022987 0.5697661119688912 0.29425287356321844 0.5857780065191285 0.31264367816091954 0.6075084348373078 0.3310344827586207 0.6361011036770172 0.3295019157088123 0.5823468862583633 0.3241379310344828 0.47369474466746725 0.3218390804597701 0.3661863098301595 0.324904214559387 0.29413278435409157 0.28045977011494255 0.25982158174644016 0.2636015325670498 0.2872705438325613 0.2567049808429119 0.2918453708469148 0.23984674329501918 0.2701149425287356
1 0.4590038314176246 0.22779779264596553 0.44291187739463606 0.2392348601818493 0.4145593869731801 0.24838451421055635 0.41379310344827586 0.26668382226797044 0.42911877394636017 0.3032824383827986 0.4367816091954023 0.3581803625550409 0.44904214559386973 0.4130782867272831 0.46130268199233715 0.5114370675358838 0.46819923371647515 0.5686224052153028 0.4773946360153257 0.5640475782009493 0.4873563218390805 0.5526105106650655 0.49731800766283535 0.5697661119688912 0.5264367816091954 0.5640475782009493 0.539463601532567 0.5423171498827701 0.5310344827586208 0.5034311202607652 0.5218390804597701 0.4954251729856465 0.5287356321839081 0.409647166466518 0.5302681992337165 0.36504260307657116 0.557088122605364 0.3433121747583919 0.5547892720306513 0.27125864928232396 0.5409961685823755 0.2518156344713215 0.5103448275862069 0.247240807456968 0.5003831417624521 0.22894149939955388 0.4881226053639848 0.24952822096414473 0.4674329501915709 0.24380968719620286
1 0.0015325670498084279 0.4085034597129296 0.03218390804597701 0.49199405272488134 0.05057471264367816 0.5228741350717676 0.04444444444444445 0.5972150740550123 0.01685823754789272 0.6006461943157775 0.0260536398467433 0.6212329158803682 0.019923371647509576 0.6635500657631384 0.03601532567049808 0.647538171212901 0.04750957854406131 0.6544004117344313 0.055172413793103454 0.6944301481100246 0.0727969348659004 0.7070109223994968 0.08429118773946362 0.8099445302224509 0.07662835249042146 0.8431120260765139 0.04367816091954022 0.8316749585406301 0.029885057471264367 0.7939326356722136 0.0 0.806987629835125
1 0.5632183908045977 0.33759364099045003 0.5333333333333332 0.36275518956939434 0.5203065134099617 0.5034311202607652 0.5402298850574713 0.5171556013038257 0.5318007662835249 0.5983587808086007 0.5877394636015325 0.6040773145765426 0.5839080459770115 0.5365986161148282 0.5938697318007663 0.5308800823468862 0.5632183908045977 0.5125807742894721 0.5685823754789271 0.48627551895693943 0.5808429118773946 0.47826957168182077 0.5892720306513409 0.4874192257105278 0.5969348659003831 0.4222279407559902 0.6153256704980843 0.39020415165551553 0.6268199233716475 0.3764796706124549 0.6252873563218391 0.35703665580145244 0.6061302681992337 0.33759364099045003 0.5954022988505746 0.3364499342368616 0.5977011494252873 0.35703665580145244 0.5839080459770115 0.4004975124378109 0.5708812260536398 0.36275518956939434
1 0.642911877394636 0.36504260307657116 0.6329501915708812 0.38334191113398525 0.6237547892720307 0.38562932464116206 0.6030651340996168 0.41422199348087146 0.5923371647509579 0.48627551895693943 0.6153256704980843 0.4942814662320581 0.6160919540229884 0.514868187796649 0.6068965517241379 0.5285926688397096 0.5992337164750958 0.5297363755932979 0.6099616858237548 0.6120832618516613 0.6459770114942529 0.6040773145765426 0.6551724137931034 0.6280951564018985 0.668199233716475 0.6258077428947219 0.6766283524904214 0.6155143821124264 0.6996168582375478 0.6246640361411334 0.714176245210728 0.5514668039114771 0.7195402298850574 0.5 0.7065134099616859 0.43023388803110885 0.6957854406130268 0.39935380568422263 0.6766283524904214 0.3810544976268085 0.6643678160919539 0.4130782867272831 0.6513409961685823 0.39477897866986905
1 0.7118773946360153 0.3147195059186824 0.7333333333333334 0.33988105449762673 0.7279693486590038 0.4885629324641162 0.7210727969348659 0.49199405272488134 0.70727969348659 0.42909018127752047 0.6950191570881226 0.4027849259449877 0.6766283524904214 0.38334191113398525 0.6727969348659003 0.3696174300909246 0.6865900383141762 0.3433121747583919 0.6950191570881226 0.3593240693086292 0.7065134099616859 0.34216846800480355
1 0.8206896551724139 0.313575799165094 0.8375478927203065 0.32958769371533136 0.8528735632183908 0.40164121919139933 0.8199233716475096 0.5983587808086007 0.8022988505747126 0.5972150740550123 0.7900383141762451 0.5857780065191285 0.7448275862068965 0.5846342997655402 0.7455938697318008 0.5514668039114771 0.7402298850574712 0.5468919768971235 0.7241379310344828 0.5766283524904214 0.7172413793103448 0.5457482701435352 0.7218390804597701 0.4874192257105278 0.7310344827586207 0.4714073311602905 0.7333333333333334 0.38562932464116206 0.7432950191570881 0.36275518956939434 0.7647509578544062 0.3387373477440384 0.7655172413793103 0.37991079087322005 0.7923371647509578 0.3318751072225081
1 0.9241379310344828 0.3147195059186824 0.9486590038314177 0.33530622748327327 0.9693486590038314 0.34788700177274545 0.9823754789272031 0.4965688797392349 0.9754789272030652 0.6189455023731916 0.9509578544061303 0.6223766226339567 0.9440613026819923 0.6155143821124264 0.9340996168582376 0.6212329158803682 0.8850574712643678 0.6109395550980729 0.8735632183908045 0.5423171498827701 0.8536398467432951 0.599502487562189 0.8367816091954023 0.605221021330131 0.8314176245210727 0.5297363755932979 0.8574712643678161 0.3982100989306342 0.8689655172413793 0.3387373477440384 0.8773946360153256 0.38791673814833877 0.8973180076628353 0.3513181220335106
1 0.3241379310344828 0.4039286326985761 0.3340996168582376 0.6063647280837193 0.3448275862068966 0.6429633441985475 0.36398467432950193 0.6361011036770172 0.3601532567049809 0.5892091267798936 0.4 0.6029336078229541 0.44904214559386973 0.5857780065191285 0.4513409961685824 0.6075084348373078 0.46819923371647515 0.6086521415908961 0.46896551724137936 0.5697661119688912 0.44750957854406137 0.41422199348087146 0.44291187739463606 0.38791673814833877 0.4352490421455939 0.4062160462057528 0.42298850574712643 0.39592268542345743 0.41609195402298854 0.3696174300909246 0.40689655172413797 0.370761136844513 0.4030651340996169 0.3810544976268085 0.39003831417624524 0.3764796706124549 0.38773946360153255 0.39020415165551553 0.3770114942528736 0.4004975124378109 0.3501915708812261 0.39935380568422263 0.3448275862068966 0.4062160462057528 0.3318007662835249 0.409647166466518
6 0.022222222222222223 0.6006461943157775 0.052107279693486594 0.5983587808086007 0.0735632183908046 0.5960713673014238 0.0835249042145594 0.6075084348373078 0.07892720306513411 0.6372448104306057 0.06896551724137931 0.6452507577057243 0.04061302681992337 0.647538171212901 0.029118773946360157 0.6566878252416081 0.019923371647509576 0.6612626522559616 0.023754789272030657 0.6292388631554869
6 0.5739463601532567 0.48627551895693943 0.5808429118773946 0.47941327843540915 0.6130268199233716 0.4931377594784697 0.61455938697318 0.509149654028707 0.6076628352490421 0.5251615485789444 0.5908045977011495 0.5263052553325327 0.563984674329502 0.5125807742894721 0.5647509578544061 0.4885629324641162
2 0.3149425287356322 0.6132269686052496 0.3103448275862069 0.861411334133928 0.303448275862069 0.8671298679018699 0.26819923371647514 0.8831417624521072 0.2628352490421456 0.680705667066964 0.25900383141762456 0.689855321095671 0.25593869731800767 0.8728484016698118 0.2574712643678161 0.8934351232344026 0.24444444444444446 0.9300337393492308 0.21762452107279695 0.9300337393492308 0.20613026819923375 0.8785669354377537 0.20613026819923375 0.7836392748899182 0.2245210727969349 0.7561903128037971 0.22911877394636018 0.7184479899353806 0.23448275862068965 0.7218791101961457 0.25287356321839083 0.7001486818779665 0.25287356321839083 0.6738434265454337 0.2620689655172414 0.6658374792703151 0.2551724137931035 0.590352833533482 0.275095785440613 0.5914965402870704 0.27892720306513413 0.5709098187224796
2 0.3616858237547893 0.5949276605478356 0.4053639846743295 0.605221021330131 0.4444444444444445 0.5914965402870704 0.4505747126436782 0.6132269686052496 0.4444444444444445 0.6338136901698405 0.44214559386973185 0.7070109223994968 0.4383141762452108 0.915165551552582 0.42068965517241386 0.9140218447989935 0.4145593869731801 0.9083033110310516 0.40613026819923376 0.9163092583061703 0.38927203065134103 0.9128781380454051 0.378544061302682 0.9014410705095214 0.3593869731800767 0.6795619603133757 0.36781609195402304 0.6829930805741408 0.3724137931034483 0.6669811860239034 0.36551724137931035 0.6338136901698405
2 0.5264367816091954 0.5651912849545376 0.5249042145593869 0.6418196374449591 0.5226053639846744 0.7333161777320295 0.5111111111111112 0.8339623720478069 0.4835249042145594 0.8168067707439811 0.4796934865900384 0.8133756504832159 0.47203065134099614 0.7973637559329788 0.47586206896551725 0.7310287642248527 0.47509578544061304 0.6395322239377824 0.4766283524904215 0.5949276605478356 0.47049808429118783 0.638388517184194 0.46819923371647515 0.6990049751243782 0.46590038314176246 0.771058500600446 0.4666666666666667 0.8225253045119231 0.4383141762452108 0.8259564247726883 0.4452107279693487 0.6555441184880196 0.44904214559386973 0.6646937725167268 0.4574712643678161 0.6406759306913707 0.46896551724137936 0.6029336078229541 0.47126436781609204 0.5663349917081261 0.4904214559386973 0.5560416309258306 0.4965517241379311 0.5674786984617145
2 0.5386973180076629 0.6017899010693658 0.5402298850574713 0.6566878252416081 0.5486590038314176 0.6909990278492595 0.5563218390804597 0.8168067707439811 0.5494252873563219 0.8351060788013953 0.5486590038314176 0.8602676273803397 0.5762452107279694 0.8625550408875164 0.5808429118773946 0.8305312517870417 0.5777777777777777 0.6852804940813176 0.5839080459770115 0.6795619603133757 0.5877394636015325 0.7298850574712644 0.5816091954022988 0.7996511694401556 0.5839080459770115 0.8465431463372791 0.5846743295019158 0.8579802138731628 0.6053639846743295 0.8534053868588093 0.6122605363984673 0.7641962600789156 0.6122605363984673 0.6749871332990222 0.6099616858237548 0.6155143821124264 0.5862068965517241 0.605221021330131
2 0.6528735632183909 0.6521129982272545 0.6452107279693486 0.7321724709784411 0.6421455938697318 0.9071596042774631 0.6229885057471264 0.9174529650597585 0.6068965517241379 0.9060158975238748 0.6099616858237548 0.804225996454509 0.6130268199233716 0.6749871332990222 0.6114942528735632 0.6086521415908961 0.6245210727969348 0.6155143821124264 0.6344827586206897 0.6452507577057243 0.6459770114942529 0.6429633441985475 0.6567049808429118 0.6349573969234288 0.6628352490421456 0.6429633441985475 0.6827586206896551 0.6406759306913707 0.6934865900383141 0.6349573969234288 0.6873563218390805 0.7218791101961457 0.6781609195402298 0.894578829987991 0.6628352490421456 0.900297363755933 0.6528735632183909 0.8888602962200491 0.6559386973180076 0.8053697032080973 0.6551724137931034 0.7001486818779665
2 0.8344827586206897 0.6029336078229541 0.8352490421455939 0.771058500600446 0.8291187739463602 0.9014410705095214 0.8406130268199233 0.9323211528564075 0.8513409961685824 0.9437582203922913 0.8521072796934865 0.95176416766741 0.8674329501915709 0.9597701149425286 0.885823754789272 0.960913821696117 0.8934865900383141 0.9506204609138217 0.8957854406130268 0.9071596042774631 0.903448275862069 0.8900040029736376 0.9195402298850575 0.7012923886315549 0.9363984674329502 0.6223766226339567 0.8819923371647509 0.6063647280837193 0.8521072796934865 0.599502487562189
2 0.0022988505747126454 0.8053697032080973 0.027586206896551724 0.7905015154114484 0.04291187739463601 0.8305312517870417 0.04137931034482759 0.9952250243037686 -7.105427357601002e-18 0.9963278843875857
4 0.7325670498084291 0.6715560130382571 0.7739463601532567 0.6932864413564362 0.8199233716475096 0.6829930805741408 0.828352490421456 0.6029336078229541 0.7869731800766283 0.5914965402870704 0.7264367816091953 0.5812031795047751 0.7241379310344828 0.6189455023731916
4 0.08965517241379312 0.7767770343683879 0.0881226053639847 0.8168067707439811 0.11264367816091957 0.8225253045119231 0.15325670498084293 0.8179504774975696 0.2053639846743295 0.7824955681363298 0.22375478927203069 0.7493280722822668 0.23065134099616857 0.7081546291530851 0.22758620689655173 0.6921427346028479 0.21072796934865903 0.6909990278492595 0.18544061302681994 0.7092983359066736 0.1524904214559387 0.7207354034425574 0.12796934865900386 0.7195916966889689 0.11877394636015327 0.7344598844856179 0.12643678160919541 0.7687710870932692 0.11800766283524905 0.7905015154114484 0.10344827586206898 0.7870703951506833
3 0.21839080459770116 0.9334648596099959 0.21226053639846743 0.966632355464059 0.22375478927203069 0.9860753702750614 0.24521072796934867 0.9803568365071196 0.24674329501915712 0.95176416766741 0.24214559386973183 0.9323211528564075
3 0.26819923371647514 0.8865728827128724 0.26819923371647514 0.9048721907702864 0.2881226053639847 0.9105907245382283 0.3049808429118774 0.9357522731171727 0.32030651340996175 0.9483330474066448 0.335632183908046 0.9334648596099959 0.3302681992337165 0.9128781380454051 0.30651340996168586 0.8922914164808142 0.30114942528735633 0.8728484016698118
3 0.3839080459770115 0.915165551552582 0.3885057471264368 0.9426145136387031 0.3992337164750958 0.9551952879281752 0.4091954022988506 0.9483330474066448 0.410727969348659 0.9346085663635842 0.4084291187739464 0.9163092583061703
3 0.43754789272030653 0.915165551552582 0.4337164750957855 0.9494767541602332 0.42835249042145596 0.9551952879281752 0.41302681992337165 0.9380396866243494 0.4114942528735633 0.9128781380454051
3 0.4666666666666667 0.8305312517870417 0.46436781609195404 0.8602676273803397 0.460536398467433 0.8842854692056956 0.4459770114942529 0.8968662434951677 0.44137931034482764 0.8922914164808142 0.44137931034482764 0.8236690112655115
3 0.4804597701149426 0.8110882369760394 0.47279693486590035 0.8362497855549836 0.4934865900383142 0.855692800365986 0.49885057471264366 0.8774232286841654 0.5226053639846744 0.8865728827128724 0.5264367816091954 0.8739921084234002 0.5241379310344828 0.855692800365986 0.5080459770114942 0.8362497855549836
3 0.550191570881226 0.861411334133928 0.5517241379310345 0.8900040029736376 0.5601532567049807 0.8957225367415794 0.5770114942528735 0.8717046949162234 0.5747126436781609 0.8648424543946932
3 0.5831417624521072 0.8625550408875164 0.5877394636015325 0.8717046949162234 0.6053639846743295 0.8854291759592839 0.6053639846743295 0.855692800365986
3 0.6130268199233716 0.9140218447989935 0.6245210727969348 0.9357522731171727 0.6344827586206897 0.9403271001315263 0.6390804597701149 0.9140218447989935 0.6252873563218391 0.9197403785669354
3 0.6551724137931034 0.894578829987991 0.6659003831417624 0.9266026190884656 0.6735632183908046 0.9380396866243494 0.6842911877394635 0.9323211528564075 0.6835249042145594 0.9083033110310516 0.6796934865900384 0.8934351232344026 0.6666666666666666 0.8980099502487562
3 0.7042145593869732 0.8248127180190999 0.6911877394636015 0.8282438382798649 0.6812260536398468 0.8534053868588093 0.6812260536398468 0.8842854692056956 0.6996168582375478 0.8717046949162234
3 0.7432950191570881 0.8671298679018699 0.7616858237547892 0.8648424543946932 0.7593869731800766 0.9105907245382283 0.7532567049808429 0.9346085663635842 0.7363984674329501 0.9471893406530565 0.7325670498084291 0.9071596042774631
3 0.7693486590038313 0.8511179733516326 0.789272030651341 0.8568365071195745 0.7885057471264367 0.9060158975238748 0.771647509578544 0.9391833933779379 0.7624521072796935 0.90944701778464
3 0.9187739463601532 0.7527591925430319 0.9302681992337165 0.7630525533253274 0.9402298850574713 0.7836392748899182 0.9348659003831417 0.7882141019042717 0.9203065134099616 0.7882141019042717 0.9126436781609195 0.780208154629153
7 0.11647509578544063 0.8248127180190999 0.16398467432950192 0.8213815977583347 0.1563218390804598 0.8865728827128724 0.16398467432950192 0.9963687310573568 0.1363984674329502 0.9963687310573568 0.1157088122605364 0.900297363755933 0.12413793103448276 0.8545490936123976
7 0.16475095785440616 0.819094184251158 0.20153256704980846 0.7950763424258019 0.20613026819923375 0.8831417624521072 0.21302681992337164 0.9654886487104706 0.19080459770114944 0.966632355464059 0.1685823754789272 0.8888602962200491
3 0.19080459770114944 0.970063475724824 0.21072796934865903 0.970063475724824 0.22502346743295024 0.9970149253731343 0.1931034482758621 0.9970149253731343 0.18544061302681994 0.9952250243037686 0.18160919540229886 0.981500543260708
7 0.7118773946360153 0.6646937725167268 0.7164750957854406 0.7390347114999714 0.7065134099616859 0.8213815977583347 0.6896551724137931 0.8259564247726883 0.6973180076628352 0.7882141019042717 0.6865900383141762 0.7230228169497341 0.6927203065134099 0.6601189455023733
7 0.7295019157088123 0.6795619603133757 0.735632183908046 0.7333161777320295 0.7425287356321838 0.8659861611482814 0.7593869731800766 0.8648424543946932 0.767816091954023 0.7458969520215016 0.767816091954023 0.6990049751243782 0.7685823754789272 0.6932864413564362
7 0.7800766283524904 0.6887116143420827 0.7754789272030651 0.6978612683707898 0.7777777777777777 0.7481843655286785 0.7708812260536398 0.855692800365986 0.7869731800766283 0.8602676273803397 0.7954022988505747 0.8145193572368044 0.8122605363984674 0.7527591925430319 0.8160919540229885 0.6921427346028479 0.7984674329501915 0.6978612683707898
