5 0.26670015832419924 0.1220450797141287 0.22711910851297037 0.11746380795308783 0.21189562781634388 0.16327652556349648 0.20352271343319933 0.21481583287520623 0.2058062355376933 0.25490196078431376 0.21874619412982582 0.26520982224665574 0.2149403239556692 0.2892614989921203 0.24005906710510289 0.30987722191680417 0.27507307270734377 0.3350742166025289 0.32074351479722324 0.3339288986622687 0.3230270369017172 0.3075865860362837 0.3260717330410425 0.2732270478284773 0.3382505175983436 0.27208172988821705 0.33748934356351235 0.2537566428440536 0.3268329070758738 0.2411581455011912 0.32835525514553643 0.21137987905442557 0.3230270369017172 0.18961883818948144 0.3093259042747533 0.1564046179219352 0.3093259042747533 0.1357888949972513 0.30856473023992204 0.12319039765438891
5 0.712748142735355 0.18503756642844058 0.6990470101083912 0.20221733553234386 0.6906740957252465 0.2411581455011912 0.6815400073072706 0.2537566428440536 0.677734137133114 0.2755176837089977 0.6807788332724394 0.2915521348726407 0.6807788332724394 0.3201850833791461 0.6853458774814273 0.3499633498259117 0.6929576178297405 0.3648524830492946 0.7028528802825478 0.3843228880337182 0.7256881013274875 0.3694337548103354 0.7431951041286079 0.34423676012461063 0.7568962367555717 0.3293476269012278 0.7957161125319693 0.3316382627817483 0.8223572037510656 0.3270569910207074 0.8132231153330897 0.26750045812717616 0.8132231153330897 0.23085028403884925 0.7964772865668006 0.19992669965182341 0.7637468030690536 0.18274693054792016 0.7348221897454633 0.18160161260765995
5 0.4311137498477652 0.2193971046362471 0.4227408354646206 0.23199560197910948 0.4280690537084399 0.25146600696353316 0.43720314212641576 0.25490196078431376 0.4364419680915844 0.2354315557998901
5 0.5711697722567288 0.18389224848818037 0.5726921203263914 0.21137987905442557 0.5772591645353794 0.2193971046362471 0.5848709048836925 0.20336265347260404 0.5825873827791986 0.18160161260765995
5 0.3329222993545244 0.20908924317390515 0.34890695408598216 0.23199560197910948 0.34433990987699425 0.25948323254535466 0.3397728656680063 0.2583379146050945 0.3298776032151991 0.2411581455011912
8 0.42730787967360856 0.2629191863661353 0.414367921081476 0.2686457760674364 0.41589026915113864 0.29269745281290094 0.4509042747533795 0.29269745281290094 0.4509042747533795 0.2709364119479568 0.43796431616124704 0.26520982224665574
1 0.2872518572646449 0.34652739600513105 0.2705060284983558 0.35798057540773326 0.2316861527219583 0.3316382627817483 0.21798502009499449 0.29269745281290094 0.20656740957252465 0.3190397654388859 0.12664413591523563 0.3900494777350193 0.10913713311411519 0.49541872823895916 0.10380891487029592 0.637438152831226 0.11827122153209106 0.7828935312442734 0.1380617464377055 0.849321971779366 0.12664413591523563 0.9524005864027855 0.1799263183534283 0.9787428990287704 0.24234258920959684 0.9844694887300715 0.3138929484837413 0.9489646325820048 0.33520582145901834 0.9420927249404435 0.3527128242601388 0.9329301814183618 0.36793630495676527 0.9420927249404435 0.3572798684691268 0.7943467106468756 0.34586225794665687 0.6626351475169507 0.36260808671294603 0.6660711013377314 0.4394866642309097 0.7450980392156863 0.45927718913652416 0.7073025471870992 0.4455760565095603 0.6832508704416347 0.37250334916575323 0.5664284405350926 0.36793630495676527 0.5412314458493678 0.3557575203994641 0.5183250870441636 0.34510108391182553 0.4370075132856882 0.336728169528681 0.4221183800623054 0.3268329070758738 0.3797416162726774 0.3017141639264401 0.3602712112882537
1 0.7165540129095116 0.38661352391423864 0.7195987090488369 0.40150265713762145 0.7051364023870418 0.3877588418544988 0.7173151869443429 0.4232636980025655 0.6792564852027767 0.5813175737584754 0.6823011813421019 0.5962067069818582 0.6670777006454756 0.6821055525013744 0.6670777006454756 0.7359354956936046 0.6982858360735598 0.7874748030053143 0.7028528802825478 0.8355781564962435 0.710464620630861 0.8722283305845703 0.7294939715016441 0.8791002382261316 0.7744032395566922 0.8584845153014476 0.83073011813421 0.822979659153381 0.868027645840945 0.7851841671247939 0.8695499939106076 0.754260582737768 0.8862958226768968 0.7725856697819314 0.9076086956521738 0.7680043980208906 0.9228321763488003 0.7347901777533443 0.9334886128364388 0.6786695986805938 0.9273992205577882 0.6156771119662819 0.9030416514431859 0.5389408099688474 0.8939075630252099 0.48969213853765814 0.8878181707465593 0.4450247388675097 0.8718335160151016 0.4141011544804838 0.8558488612836438 0.3900494777350193 0.8345359883083668 0.35912589334799344 0.8010443307757885 0.33736485248304937 0.788104372183656 0.3316382627817483 0.7698361953477043 0.3339288986622687 0.7523291925465837 0.3522539857064322
1 0.4973358908780903 0.2629191863661353 0.4851571063207892 0.27208172988821705 0.4851571063207892 0.3293476269012278 0.5148428936792108 0.3213304013194063 0.5125593715747169 0.2640645043063955 0.505708805261235 0.2629191863661353
2 0.13577822433321154 0.9569818581638263 0.14345486478344194 0.9968847352024922 0.35956339057362074 0.9968847352024922 0.3557575203994641 0.9375114531794025 0.3146541225185726 0.9512552684625253 0.24082024113993422 0.9856148066703316 0.17840397028376564 0.9821788528495511
2 0.7020917062477164 0.828706248854682 0.7020917062477164 0.9237676378962801 0.7180363993423456 0.9968847352024922 0.8596547314578005 0.9968847352024922 0.8710723419802703 0.875664284405351 0.8687888198757763 0.7920560747663551 0.8200736816465716 0.8355781564962435 0.7751644135915235 0.8573391973611875 0.7431951041286079 0.875664284405351 0.7294939715016441 0.8779549202858713 0.712748142735355 0.8733736485248306
