5 0.7091222030981068 0.4177142857142857 0.7504302925989672 0.42 0.7779690189328745 0.452 0.7951807228915663 0.4942857142857143 0.7745266781411358 0.5468571428571429 0.7160068846815834 0.5548571428571429 0.648881239242685 0.556 0.6024096385542169 0.5434285714285715 0.5955249569707401 0.5034285714285714 0.5989672977624784 0.4622857142857143 0.611015490533563 0.428 0.6815834767641998 0.4165714285714286
5 0.8364888123924267 0.40628571428571425 0.9122203098106714 0.412 0.9414802065404475 0.476 0.9191049913941479 0.5057142857142857 0.8726333907056797 0.5148571428571429 0.8089500860585197 0.5091428571428571 0.7969018932874354 0.4965714285714286 0.7848537005163511 0.4451428571428572 0.8055077452667815 0.412
5 0.41480206540447506 0.28628571428571425 0.3803786574870912 0.2668571428571429 0.342512908777969 0.2611428571428572 0.27882960413080893 0.2668571428571429 0.23580034423407914 0.3068571428571429 0.25129087779690196 0.37542857142857144 0.29604130808950085 0.4074285714285714 0.4010327022375216 0.4154285714285714 0.43545611015490526 0.39942857142857147 0.43889845094664376 0.36628571428571427 0.4302925989672977 0.31142857142857144
5 0.06884681583476757 0.08057142857142857 0.11359724612736663 0.10914285714285714 0.10843373493975904 0.1514285714285714 0.11015490533562818 0.18457142857142855 0.07401032702237517 0.20285714285714282 0.020654044750430218 0.20057142857142857 0.0034423407917384555 0.1937142857142857 0.005163511187607598 0.07371428571428572 0.03442340791738387 0.07257142857142856
1 0.6368330464716008 0.5605714285714286 0.567986230636833 0.5971428571428571 0.5542168674698795 0.6051428571428571 0.5524956970740104 0.5811428571428571 0.5524956970740104 0.572 0.5301204819277109 0.5662857142857143 0.5008605851979345 0.6005714285714285 0.49053356282271937 0.6474285714285715 0.5352839931153185 0.6725714285714286 0.6333907056798624 0.6942857142857143 0.6936316695352841 0.692 0.7573149741824441 0.6794285714285715 0.7779690189328745 0.6714285714285715 0.7848537005163511 0.6314285714285715 0.7848537005163511 0.5857142857142857 0.7710843373493976 0.5525714285714286 0.7142857142857142 0.5594285714285715 0.6609294320137694 0.5571428571428572
1 0.45438898450946635 0.40057142857142863 0.5249569707401033 0.4154285714285714 0.5197934595524957 0.4908571428571429 0.5370051635111875 0.548 0.5025817555938037 0.6154285714285714 0.5060240963855421 0.6714285714285715 0.5438898450946643 0.6874285714285715 0.5352839931153185 0.7285714285714285 0.5180722891566265 0.7902857142857144 0.46471600688468157 0.8028571428571429 0.42340791738382094 0.7788571428571429 0.4165232358003442 0.7388571428571429 0.3580034423407917 0.7137142857142857 0.3046471600688469 0.684 0.2891566265060241 0.6657142857142858 0.3149741824440619 0.6234285714285714 0.2736660929432013 0.5902857142857143 0.25817555938037867 0.508 0.22203098106712568 0.476 0.28571428571428564 0.4828571428571429 0.30981067125645434 0.43942857142857145 0.3820998278829603 0.44742857142857145 0.44061962134251287 0.412
1 0.8037865748709123 0.5091428571428571 0.8743545611015492 0.5171428571428571 0.9208261617900171 0.516 0.9655765920826161 0.5468571428571429 0.9969879518072289 0.5833571428571429 0.9969879518072289 0.6245714285714286 0.9776247848537004 0.6245714285714286 0.9483648881239244 0.6142857142857143 0.963855421686747 0.6577142857142858 0.9759036144578314 0.7251428571428571 0.7693631669535285 0.7 0.7900172117039589 0.6565714285714286 0.7969018932874354 0.588 0.7831325301204819 0.5491428571428572
4 0.776247848537005 0.6988571428571428 0.9690189328743544 0.6874285714285715 0.9896729776247848 0.7708571428571429 0.8812392426850257 0.7994285714285715 0.8141135972461275 0.7902857142857144
4 0.5473321858864028 0.6954285714285714 0.5748709122203097 0.6885714285714285 0.647160068846816 0.7 0.712564543889845 0.6885714285714285 0.7349397590361446 0.6897142857142857 0.7607573149741824 0.6862857142857144 0.776247848537005 0.7045714285714285 0.864027538726334 0.8645714285714285 0.7435456110154907 0.8931428571428571 0.611015490533563 0.8931428571428571 0.5146299483648881 0.8657142857142858 0.5129087779690189 0.804 0.5387263339070567 0.716
6 0.5301204819277109 0.42914285714285716 0.5180722891566265 0.4908571428571429 0.5524956970740104 0.5388571428571429 0.5834767641996558 0.5354285714285715 0.6075731497418243 0.5468571428571429 0.604130808950086 0.5182857142857143 0.5834767641996558 0.4897142857142857
6 0.19621342512908785 0.4725714285714286 0.18932874354561094 0.6348571428571429 0.26161790017211695 0.7091428571428571 0.2753872633390706 0.7491428571428571 0.29776247848536996 0.788 0.306368330464716 0.7674285714285715 0.33218588640275387 0.7971428571428572 0.3580034423407917 0.8017142857142858 0.35972461273666095 0.7742857142857144 0.3820998278829603 0.7582857142857143 0.35972461273666095 0.7171428571428571 0.30292598967297757 0.6954285714285714 0.25817555938037867 0.6405714285714286 0.2633390705679863 0.5651428571428571 0.24440619621342521 0.5034285714285714
6 0.008605851979345882 0.29428571428571426 0.09294320137693625 0.2885714285714286 0.1411359724612736 0.30114285714285716 0.12564543889845098 0.3137142857142857 0.09294320137693625 0.316 0.017211703958691937 0.3068571428571429 0.00688468158347674 0.31714285714285717
7 0.2185886402753872 0.724 0.2633390705679863 0.732 0.25301204819277107 0.7445714285714286 0.22030981067125652 0.7708571428571429 0.21686746987951808 0.7925714285714286 0.2375215146299483 0.8245714285714285 0.306368330464716 0.8417142857142857 0.18588640275387266 0.8474285714285714 0.14457831325301204 0.8325714285714285 0.11531841652323578 0.8051428571428572 0.11531841652323578 0.7708571428571429
7 0.24956970740103263 0.7411428571428571 0.21514629948364894 0.7742857142857144 0.23235800344234087 0.8165714285714285 0.29087779690189325 0.8337142857142857 0.34767641996557663 0.8371428571428571 0.46471600688468157 0.8371428571428571 0.4974182444061963 0.8565714285714285 0.5111876075731497 0.8542857142857143 0.5111876075731497 0.8222857142857143 0.44406196213425136 0.7948571428571429 0.4302925989672977 0.7788571428571429 0.40447504302925985 0.7365714285714285 0.370051635111876 0.7217142857142858 0.37177280550774533 0.748 0.38382099827882965 0.7685714285714286 0.36488812392426856 0.78 0.3580034423407917 0.8062857142857144 0.32874354561101554 0.8017142857142858 0.3115318416523236 0.78 0.3046471600688469 0.7914285714285715 0.29604130808950085 0.7902857142857144 0.27194492254733216 0.7525714285714286 0.2633390705679863 0.7285714285714285
2 0.00688468158347674 0.3971428571428572 0.0808950086058519 0.3822857142857143 0.11876075731497424 0.3982857142857143 0.12048192771084337 0.46 0.020654044750430218 0.5445714285714286 0.0 0.548
1 0.00688468158347674 0.2017142857142857 0.04302925989672975 0.20857142857142855 0.11187607573149749 0.19714285714285715 0.13597246127366616 0.20857142857142855 0.1566265060240964 0.29428571428571426 0.1824440619621342 0.324 0.13941480206540446 0.3537142857142857 0.10843373493975904 0.35714285714285715 0.11876075731497424 0.39371428571428574 0.06712564543889843 0.3891428571428572 0.010327022375215196 0.396 0.0 0.3891428571428572 0.0 0.204
3 0.8296041308089501 0.9331428571428572 0.8691910499139415 0.9331428571428572 0.8795180722891566 0.9114285714285715 0.900172117039587 0.924 0.8881239242685027 0.9457142857142857 0.8468158347676419 0.9697142857142858 0.8227194492254732 0.964
3 0.6987951807228916 0.9868571428571429 0.748709122203098 0.9777142857142858 0.7710843373493976 0.9902857142857143 0.7624784853700516 0.9971428571428571 0.7142857142857142 0.9971428571428571
