5 0.30326330228864345 0.05075445816186561 0.28449209443361495 0.04732510288065847 0.2635549779799293 0.05989940557841796 0.2476716482564436 0.09076360310928216 0.2606670998483865 0.15249199817101056 0.2830481553678435 0.1822130772748057 0.2917117897624721 0.19135802469135804 0.3112049671503863 0.15820759030635578 0.3234784492094434 0.11133973479652495 0.3162587538805863 0.07818930041152267
5 0.1819724207638438 0.3262459990855053 0.17330878636921526 0.3113854595336077 0.15525954804707245 0.31367169638774584 0.14803985271821532 0.3319615912208505 0.1465959136524439 0.3559670781893004 0.14731788318532962 0.3696844993141289 0.16031333477727244 0.3605395518975766 0.17475272543498668 0.3605395518975766
5 0.470038264385243 0.3582533150434385 0.4794238683127572 0.3491083676268862 0.48808750270738577 0.35368084133516237 0.4945852285033571 0.36854138088705984 0.48953144177315716 0.38797439414723367 0.48303371597718575 0.395976223136717 0.47364811204967155 0.38340192043895743
5 0.5631723341274998 0.2793781435756745 0.5754458161865569 0.2599451303155007 0.592773084975814 0.2599451303155007 0.5992708107717855 0.2805212620027435 0.5999927803046712 0.31595793324188387 0.5819435419825283 0.3319615912208505 0.5696700599234713 0.3216735253772291
5 0.6173200490939282 0.2462277091906722 0.6288715616200996 0.25880201188843166 0.6281495920872139 0.2885230909922268 0.5999927803046712 0.30109739368998634 0.5992708107717855 0.2805212620027435 0.5963829326402426 0.27137631458619116 0.6079344451664139 0.24851394604481025
5 0.6642480687314994 0.293095564700503 0.6613601905999567 0.28395061728395066 0.6534185257382138 0.2702331961591221 0.6382571655476139 0.2645176040237769 0.6310374702187568 0.2885230909922268 0.6324814092845281 0.30795610425240055 0.6490867085408996 0.3262459990855053 0.6591942820012995 0.3113854595336077
5 0.6851851851851851 0.23593964334705078 0.6974586672442423 0.23365340649291272 0.7126200274348422 0.2462277091906722 0.7118980579019565 0.27137631458619116 0.7054003321059851 0.29423868312757206 0.7054003321059851 0.3022405121170554 0.6945707891126994 0.2976680384087792 0.6916829109811565 0.27823502514860543 0.6822973070536423 0.2702331961591221
5 0.7429427478160422 0.21993598536808415 0.7321132048227564 0.21879286694101513 0.7234495704281279 0.2599451303155007 0.7342791134214136 0.27594878829446734 0.7508844126777849 0.28395061728395066 0.7624359252039563 0.26566072245084593 0.7602700166052991 0.23251028806584365 0.7501624431448992 0.22336534064929128
5 0.831023030828099 0.39940557841792407 0.8245253050321276 0.3925468678555098 0.813695762038842 0.39368998628257884 0.8079200057757562 0.40626428898033834 0.8093639448415276 0.42569730224051205 0.8194715183019275 0.44055784179240964 0.8245253050321276 0.43141289437585734
5 0.529961735614757 0.5422953818015546 0.5212981012201284 0.5457247370827617 0.5176882535556999 0.5571559213534522 0.5212981012201284 0.5685871056241426 0.5342935528120714 0.5663008687700045 0.5386253700093856 0.5560128029263832
5 0.4606526604577286 0.35253772290809327 0.459930690924843 0.3696844993141289 0.44982311746444303 0.3731138545953361 0.4447693307342431 0.3468221307727481
0 0.4635405385892716 0.34796524919981714 0.470038264385243 0.33081847279378146 0.459930690924843 0.3273891175125743 0.4447693307342431 0.3422496570644719
1 0.32059057107790057 0.10676726108824879 0.3675185907154718 0.1433470507544582 0.41011479315572885 0.23022405121170558 0.4411594830698145 0.3696844993141289 0.4613746299906144 0.6886145404663923 0.44837917839867164 0.7046181984453589 0.4534329651288716 0.7686328303612255 0.3884557071691575 0.8383630544124372 0.3256443578081006 0.6348879743941472 0.29748754602555777 0.7331961591220851 0.3039852718215292 0.5880201188843164 0.2541693740524151 0.39940557841792407 0.2563352826510722 0.3239597622313672 0.22601256226987226 0.2965249199817101 0.21951483647390085 0.24737082761774123 0.22817847086852938 0.23822588020118887 0.23539816619738654 0.2027892089620485 0.27221861237455786 0.2439414723365341 0.2982095155584435 0.2050754458161866 0.3104829976175006 0.1536351165980796
1 0.1834163598296152 0.33539094650205764 0.20074362861887232 0.35711019661636945 0.21446104974370087 0.40283493369913126 0.22023680600678655 0.5137174211248284 0.2137390802108151 0.630315500685871 0.1935239332900152 0.6474622770919066 0.1530936394484153 0.6463191586648377 0.1220489495343297 0.6337448559670781 0.10977546747527259 0.6463191586648377 0.11699516280412971 0.6165980795610425 0.13287849252761538 0.5880201188843164 0.1278247057974154 0.48399634202103337 0.1408201573893582 0.4325560128029263 0.09100425962024408 0.41655235482395975 0.09389213775178692 0.38340192043895743 0.09605804635044407 0.3776863283036122 0.11916107140278685 0.40283493369913126 0.14443000505378678 0.39711934156378603 0.15670348711284388 0.3696844993141289 0.17475272543498668 0.3605395518975766
1 0.4628185690563858 0.36511202560585276 0.4512670565302144 0.3811156835848194 0.44404736120135735 0.4039780521262003 0.45704281279330006 0.5663008687700045 0.459930690924843 0.5228623685413809 0.48303371597718575 0.49314128943758573 0.5025268933650999 0.5148605395518976 0.5010829542993286 0.44398719707361683 0.5148003754241571 0.4417009602194787 0.5068587105624143 0.41197988111568357 0.49602916756912857 0.3891175125743027 0.48158977691141436 0.4051211705532693 0.4714822034510144 0.38797439414723367
1 0.5638943036603855 0.33081847279378146 0.5638943036603855 0.35253772290809327 0.5436791567395856 0.3399634202103338 0.5595624864630713 0.36739826245999085 0.5732799075878997 0.37197073616826704 0.5573965778644141 0.4828532235939643 0.5566746083315284 0.5 0.5768897552523283 0.47828074988568814 0.5942170240415854 0.44055784179240964 0.6223738358241282 0.5022862368541381 0.6519745866724425 0.47142203932327387 0.6375351960147281 0.4039780521262003 0.6288715616200996 0.36739826245999085 0.6007147498375568 0.31824417009602196 0.5812215724496427 0.33310470964791955
1 0.6252617139556711 0.35939643347050754 0.6346473178831853 0.35368084133516237 0.6389791350804995 0.36168267032464557 0.6490867085408996 0.3319615912208505 0.633203378817414 0.3045267489711934 0.6259836834885567 0.29080932784636493 0.6194859576925854 0.29881115683584825 0.6021586889033282 0.29995427526291724 0.5985488412388996 0.31710105166895297 0.5797776333838712 0.3365340649291267 0.5682261208576997 0.3296753543667124 0.5660602122590427 0.35368084133516237
1 0.6317594397516425 0.3605395518975766 0.6433109522778139 0.36168267032464557 0.6548624648039852 0.3216735253772291 0.677965489856328 0.2828074988568816 0.6902389719153852 0.2953818015546411 0.6996245758428994 0.3239597622313672 0.7054003321059851 0.4771376314586191 0.6866291242509566 0.49885688157293095 0.6671359468630423 0.4885688157293095 0.6461988304093567 0.4051211705532693 0.6368132264818425 0.4005486968449931 0.630315500685871 0.3731138545953361
1 0.7075662407046422 0.47142203932327387 0.7335571438885279 0.4622770919067215 0.7725434986643563 0.4577046181984453 0.7768753158616707 0.4771376314586191 0.793480615118042 0.47485139460448106 0.7927586455851563 0.422267946959305 0.7761533463287849 0.39368998628257884 0.7710995595985849 0.34453589391860995 0.7877048588549562 0.3548239597622314 0.8151397011046133 0.33539094650205764 0.8035881885784419 0.2850937357110197 0.7544942603422136 0.2873799725651578 0.7328351743556422 0.27366255144032925 0.7234495704281279 0.267946959304984 0.710454118836185 0.28166438042981257 0.7003465453757851 0.319387288523091
1 0.8317450003609848 0.4039780521262003 0.8216374269005847 0.4428440786465478 0.8266912136307848 0.46570644718792864 0.8295790917623276 0.48056698673982623 0.8071980362428706 0.5388660265203475 0.8266912136307848 0.5491540923639688 0.8476283300844705 0.4828532235939643 0.8714533246696988 0.5034293552812071 0.9068298317810988 0.5125743026977594 0.9429283084253846 0.44398719707361683 0.919103313840156 0.3925468678555098 0.8671215074723846 0.37997256515775035
2 0.11555122373835827 0.6486053955189757 0.11988304093567255 0.7583447645176041 0.1523716699155296 0.7503429355281208 0.1523716699155296 0.6486053955189757 0.1220489495343297 0.6383173296753544
2 0.18919211609270092 0.657750342935528 0.21012923254638657 0.7126200274348423 0.23684210526315794 0.6943301326017375 0.21807089740812938 0.6337448559670781
2 0.29893148509132916 0.7343392775491542 0.32492238827521486 0.6440329218106996 0.37112843837990045 0.7972107910379516 0.3805140423074147 0.9160951074531322 0.3884557071691575 0.9618198445358939 0.3805140423074147 0.9926840420667582 0.3126489062161577 0.9949702789208963
2 0.4000072196953289 0.8189300411522634 0.4180564580174717 0.8715134887974394 0.47509205111544295 0.8532235939643348 0.44982311746444303 0.783493369913123
2 0.48953144177315716 0.5685871056241426 0.45920872139195723 0.5754458161865569 0.45776478232618584 0.52400548696845 0.4851996245758429 0.49542752629172376 0.5097465886939571 0.525148605395519 0.5169662840228142 0.5823045267489712
2 0.5393473395422713 0.5491540923639688 0.5595624864630713 0.6497485139460447 0.5804996029167568 0.6463191586648377 0.5732799075878997 0.5560128029263832 0.6101003537650711 0.5 0.6245397444227854 0.5 0.6187639881596996 0.5914494741655235 0.6259836834885567 0.604023776863283 0.6433109522778139 0.6794695930498399 0.6736336726590137 0.6760402377686329 0.6541404952710995 0.5800182898948331 0.6382571655476139 0.5640146319158664 0.6526965562053281 0.47828074988568814 0.6245397444227854 0.4965706447187928 0.5963829326402426 0.44855967078189296
2 0.5963829326402426 0.5308641975308642 0.5761677857194426 0.6268861454046639 0.5934950545086997 0.6828989483310471 0.6158761100281568 0.5491540923639688 0.6440329218106995 0.5560128029263832 0.685907154718071 0.6463191586648377 0.6938488195798137 0.6508916323731139 0.6628041296657281 0.4828532235939643 0.655584434336871 0.4725651577503429 0.6202079272254711 0.5045724737082762 0.6108223232979568 0.501143118427069
2 0.6628041296657281 0.4965706447187928 0.6938488195798137 0.6554641060813899 0.7133419969677279 0.6943301326017375 0.725615479026785 0.6920438957475994 0.7321132048227564 0.6623228166438042 0.7393329001516136 0.6748971193415638 0.7414988087502707 0.6634659350708733 0.7350010829542992 0.630315500685871 0.708288210237528 0.47485139460448106 0.6916829109811565 0.49885688157293095
2 0.7111760883690709 0.47485139460448106 0.7176738141650423 0.552583447645176 0.7010685149086708 0.6051668952903521 0.6924048805140424 0.6840420667581161 0.7054003321059851 0.7023319615912208 0.7126200274348422 0.7023319615912208 0.7342791134214136 0.5937357110196616 0.7494404736120136 0.501143118427069 0.7732654681972421 0.5857338820301783 0.7739874377301277 0.6623228166438042 0.805754097177099 0.6714677640603566 0.800700310446899 0.6234567901234568 0.8064760667099848 0.5468678555098309 0.7797631939932135 0.47485139460448106 0.7710995595985849 0.4588477366255144 0.7342791134214136 0.46342021033379055 0.7191177532308136 0.4725651577503429
2 0.8663995379394989 0.5080018289894833 0.8635116598079561 0.5205761316872427 0.8851707457945275 0.5845907636031092 0.8996101364522416 0.6005944215820759 0.9154934661757275 0.5994513031550068 0.9082737708468702 0.5560128029263832 0.8996101364522416 0.5148605395518976
2 0.828857122229442 0.5891632373113854 0.8014222799797848 0.6108824874256973 0.8050321276442134 0.6417466849565614 0.836076817558299 0.6451760402377686 0.8440184824200418 0.632601737540009 0.8562919644790989 0.6223136716963877 0.8707313551368132 0.6108824874256973 0.8707313551368132 0.6314586191129401 0.8996101364522416 0.6486053955189757 0.9082737708468702 0.656607224508459 0.9169374052414987 0.6508916323731139 0.919103313840156 0.630315500685871 0.9234351310374701 0.6257430269775948 0.903941953649556 0.602880658436214 0.8830048371958702 0.5834476451760402 0.8476283300844705 0.5937357110196616 0.8418525738213847 0.5857338820301783
3 0.8115298534401848 0.6703246456332875 0.8201934878348134 0.6794695930498399 0.7523283517435564 0.6760402377686329 0.7646018338026135 0.6463191586648377 0.7812071330589849 0.6634659350708733
3 0.657750342935528 0.6828989483310471 0.6541404952710995 0.7194787379972566 0.670745794527471 0.7091906721536351 0.6765215507905566 0.6897576588934613 0.6743556421918995 0.6783264746227708
3 0.5595624864630713 0.6646090534979423 0.5790556638509855 0.6588934613625972 0.5855533896469569 0.653177869227252 0.5898852068442711 0.681755829903978 0.550176882535557 0.6954732510288065 0.540069309075157 0.6897576588934613
3 0.42022236661612883 0.8680841335162323 0.407226915024186 0.8726566072245086 0.3898996462349289 0.8818015546410608 0.3906216157678147 0.9046639231824418 0.4397155440040431 0.9035208047553727 0.4794238683127572 0.8943758573388204 0.47509205111544295 0.8486511202560586
3 0.12421485813298684 0.757201646090535 0.15092773084975816 0.7480566986739826 0.15670348711284388 0.7594878829446731 0.13721030972492965 0.7686328303612255 0.1047216807450726 0.7743484224965708 0.09894592448198689 0.7709190672153636
3 0.20146559815175802 0.7171925011431185 0.23395422713161512 0.6977594878829446 0.2440618005920151 0.7114769090077733 0.24117392246047223 0.7194787379972566 0.21012923254638657 0.7229080932784637
3 0.921269222438813 0.6428898033836306 0.9357086130965273 0.6257430269775948 0.9573676990830986 0.6131687242798354 0.96386542487907 0.6165980795610425 0.95375785141867 0.6474622770919066 0.9436502779582701 0.656607224508459 0.9364305826294129 0.6657521719250113 0.9205472529059273 0.6668952903520805
3 0.8389646956898419 0.6634659350708733 0.8404086347556133 0.6417466849565614 0.8562919644790989 0.6211705532693187 0.8700093856039275 0.6097393689986282 0.8707313551368132 0.6257430269775948 0.8620677207421846 0.6428898033836306 0.8548480254133275 0.657750342935528
3 0.5068587105624143 0.6143118427069044 0.5184102230885856 0.6108824874256973 0.5263518879503285 0.6234567901234568 0.5227420402858999 0.6245999085505258 0.5054147714966428 0.629172382258802
3 0.48014583784564296 0.6063100137174211 0.49241931990469995 0.5868770004572473 0.5046928019637571 0.5971650663008687 0.4866435636416143 0.6131687242798354
6 0.17836257309941525 0.14677640603566533 0.19641181142155803 0.15477823502514865 0.23828604432892936 0.20850480109739372 0.22529059273698657 0.2462277091906722 0.22529059273698657 0.24051211705532693 0.20507544581618659 0.22336534064929128 0.1884701465598152 0.21764974851394608 0.17114287777055812 0.20393232738911754 0.18269439029672951 0.1822130772748057 0.158869395711501 0.18335619570187475 0.1523716699155296 0.17992684042066762 0.16392318244170098 0.1662094192958391 0.18269439029672951 0.16049382716049387
6 0.5306837051476427 0.3239597622313672 0.5494549130026714 0.34110653863740287 0.5638943036603855 0.3468221307727481 0.5631723341274998 0.33081847279378146 0.5429571872066998 0.3022405121170554 0.5371814309436141 0.29423868312757206 0.5256299184174428 0.3068129858253315
6 0.8021442495126706 0.2896662094192959 0.8194715183019275 0.2725194330132602 0.8346328784925275 0.2770919067215364 0.831023030828099 0.2885230909922268 0.8230813659663562 0.29995427526291724 0.808641975308642 0.3056698673982625
6 0.0931701682189012 0.3696844993141289 0.07873077756118697 0.3559670781893004 0.07512092989675839 0.35939643347050754 0.07728683849541554 0.36854138088705984 0.07223305176521555 0.36854138088705984 0.0700671431665584 0.3788294467306813 0.07800880802830124 0.38797439414723367 0.08883835102158694 0.38797439414723367
