5 0.45026961267837184 0.17475950526797984 0.4436936936936937 0.12093449381584975 0.41739001775498125 0.046495648190563475 0.3713585848622345 0.032753092075126 0.3220391924771487 0.07169033440219884 0.3146412836193858 0.14498396701786534 0.3261491418425725 0.2434722858451672 0.3450549089235221 0.26866697205680257 0.3738245544814888 0.2824095281722401 0.4141020582626422 0.24003664681630787 0.4280758861050832 0.23087494273934953
5 0.5349345696061025 0.08199725148877694 0.5094528835404748 0.12437013284470913 0.4971230354442033 0.1724690792487403 0.5135628329058985 0.22972972972972974 0.5546623265601367 0.27210261108566197 0.6031597290721378 0.2148419606046725 0.6080916683106464 0.16788822721026112 0.5982277898336292 0.11291800274851123 0.5595942657986454 0.07627118644067798
5 0.7757776024199382 0.02931745304626663 0.7256362201617677 0.05794777828676137 0.7379660682580391 0.1381126889601466 0.7346781087657 0.2033898305084746 0.7535838758466495 0.2652313330279432 0.7971493391201421 0.2675217590471828 0.8464687315052278 0.23316536875858912 0.870306437824686 0.18850206138341732 0.8801703163017032 0.1186440677966102 0.870306437824686 0.07169033440219884 0.8472907213783126 0.03160787906550622 0.8012592884855658 0.017865322950068735
5 0.24806010389951996 0.03160787906550622 0.21846846846846849 0.08543289051763632 0.22915433681857036 0.16903344021988093 0.2579239823765371 0.22629409070087037 0.28504964818833434 0.19880897846999543 0.30313342539619914 0.1919377004122767 0.3055993950154534 0.12666055886394872 0.3088873545077925 0.04535043518094368 0.2735417899651476 0.01901053595968853
5 0.206138620372197 0.07512597343105822 0.18312290392582364 0.06825469537333947 0.15517524824094167 0.11520842876775082 0.14942131912934833 0.1472743930371049 0.1592851976063655 0.19079248740265692 0.1814789241796541 0.21140632157581313 0.2086045899914513 0.22056802565277145 0.2283323469454856 0.16330737517178198
5 0.023656868547379487 0.19308291342189648 0.03598671664365093 0.13582226294090702 0.017080949562701397 0.09344938158497483 0.0 0.09146625438998324 0.0 0.2159871736142923
5 0.5406884987176958 0.4713696747595053 0.5760340632603407 0.4576271186440678 0.5998717695797987 0.4816765918460834 0.6179555467876636 0.5297755382501146 0.6105576379299007 0.6110856619331196 0.5776780430065102 0.6191021530004581 0.5604162556717301 0.5744388456252862 0.5283586506214244 0.5836005497022446 0.5045209443019663 0.603069170865781 0.5004109949365424 0.5572606504809895 0.5102748734135595 0.5045808520384791 0.5324685999868481 0.47824095281722406
5 0.040918655882159524 0.2858451672010994 0.062290392582363394 0.31676591846083374 0.062290392582363394 0.4072377462207971 0.05324850397843097 0.4083829592304169 0.03516472677056617 0.37975263398992215 0.017080949562701397 0.32592762253779206 0.0022851318471756523 0.29500687127805775
5 0.48314920760176233 0.6294090700870362 0.4527355822976261 0.6843792945487861 0.4362957848359308 0.7416399450297756 0.4404057342013547 0.7966101694915254 0.4535575721707109 0.8286761337608796 0.48232721772867765 0.8561612459917545 0.5357565594791872 0.8573064590013743 0.5834319721181035 0.82638570774164 0.5998717695797987 0.711864406779661 0.588363911356612 0.6603298213467704 0.5768560531334254 0.6202473660100779 0.5563063063063063 0.5836005497022446 0.5184947721444072 0.5939074667888228
1 0.2842276583152496 0.31103985341273477 0.3138192937463011 0.33852496564360973 0.3129973038732163 0.3568483737975264 0.341766949431183 0.4289967934035731 0.37546853422765836 0.4301420064131929 0.41656802788189645 0.3774622079706826 0.4247879266127441 0.3213467704993129 0.4469816531860328 0.33623453962437017 0.4436936936936937 0.42327072835547414 0.4338298152166766 0.5343563902885936 0.41656802788189645 0.6626202473660101 0.3064213848885382 0.8664681630783326 0.19791872164134935 0.8355474118185983 0.18805484316433224 0.7840128263857078 0.21682448872229895 0.6294090700870362 0.2521700532649438 0.49656436097114065 0.25710199250345234 0.39693082913421895
1 0.5020549746827119 0.29157123224919834 0.47821726836325373 0.33623453962437017 0.48561517722101655 0.3946404031149794 0.46177747090155846 0.6339899221255154 0.5004109949365424 0.6007787448465415 0.5119188531597291 0.49198350893266146 0.5669921746564083 0.456481905634448 0.6056256986913922 0.48854786990380206 0.6212435062800027 0.5355016032982135 0.6245314657723418 0.42212551534585435 0.6524791214572236 0.3396701786532295 0.637683303741698 0.31333027943197433 0.6368613138686131 0.3728813559322034 0.6187775366607483 0.32592762253779206 0.5826099822450188 0.3992212551534586 0.5801440126257644 0.3431058176820889 0.5563063063063063 0.3740265689418232 0.5423324784638653 0.3946404031149794 0.52589268100217 0.37631699496106275 0.5102748734135595 0.31218506642235455
1 0.7272801999079372 0.2869903802107192 0.6582330505688171 0.331653687585891 0.6269974353915959 0.42212551534585435 0.6220654961530874 0.5355016032982135 0.6006937594528836 0.7794319743472287 0.6220654961530874 0.8630325240494733 0.6656309594265799 0.8905176362803482 0.7428980074965477 0.8836463582226294 0.8218090353126849 0.8401282638570774 0.8579765897284146 0.8092075125973431 0.8752383770631945 0.8870819972514888 0.8916781745248898 0.9076958314246449 0.9097619517327548 0.8527256069628951 0.9418195567830605 0.7301878149335777 0.9648352732294337 0.575584058634906 0.96072532386401 0.4163994502977554 0.9393535871638061 0.3660100778744847 0.9048300124942461 0.32592762253779206 0.8678404682054317 0.2927164452588181 0.8645525087130926 0.34768666972056805 0.8292069441704478 0.3866239120476409 0.8086571973433287 0.4267063673843335 0.776599592293023 0.462207970682547 0.7601597948313277 0.44159413650939083 0.7420760176234629 0.4163994502977554 0.7248142302886829 0.3660100778744847 0.7281021897810219 0.3179111314704535
1 0.2086045899914513 0.23087494273934953 0.17983494443348458 0.23545579477782871 0.16668310646412832 0.26408612001832343 0.15764121786019597 0.3671552908841045 0.17243703557572168 0.3522675217590472 0.20449464062602749 0.3499770957398076 0.21435851910304465 0.3007329363261567 0.23244229631090943 0.27897388914338067 0.22257841783389232 0.2583600549702245
1 0.18312290392582364 0.4954191479615208 0.1765469849411455 0.5664223545579479 0.19791872164134935 0.5595510765002291 0.2020286710067732 0.5034356390288593
1 0.1280495824291445 0.1816307833256986 0.09434799763266917 0.19308291342189648 0.0573584533438548 0.29157123224919834 0.12640560268297496 0.2995877233165369 0.11818570395212731 0.3820430600091617 0.10667784572894062 0.47595052679798444 0.16914907608338262 0.49427393495190103 0.15599723811402644 0.4038021071919377 0.15846320773328074 0.35570316078790654 0.17161504570263691 0.24919835089326617 0.18065693430656934 0.23545579477782871 0.16421713684487405 0.23202015574896934 0.1453113697639245 0.21026110856619332
1 0.3894423620700993 0.7977553825011452 0.4362957848359308 0.7943197434722858 0.4404057342013547 0.8550160329821347 0.46753140001315185 0.9054054054054054 0.5102748734135595 0.9065506184150253 0.5727461037680016 0.8664681630783326 0.6154895771684092 0.9088410444342648 0.5891859012296968 0.9638112688960147 0.5744722825014796 0.9966101694915255 0.39766226080094697 0.9958772331653688 0.3836884329585059 0.9054054054054054
2 0.6064476885644768 0.798900595510765 0.5974057999605445 0.8847915712322493 0.6204215164069178 0.9180027485112232 0.5998717695797987 0.9431974347228584 0.6031597290721378 0.9912963811268897 0.6064476885644768 0.9958772331653688 0.873594397317025 0.9958772331653688 0.873594397317025 0.9374713696747595 0.8859242454132965 0.9076958314246449 0.8777043466824489 0.8893724232707285 0.8546886302360756 0.8206596426935411 0.8070132175971593 0.8653229500687128 0.7470079568619714 0.8928080622995878 0.6664529492996647 0.8939532753092074 0.6187775366607483 0.8664681630783326
2 0.1970967317682646 0.842418689876317 0.3129973038732163 0.8710490151168118 0.3302590912079963 0.9786990380210718 0.3376570000657592 0.9947320201557489 0.1814789241796541 0.9947320201557489
2 0.1765469849411455 0.5057260650480989 0.17819096468731505 0.7027027027027026 0.1543532583678569 0.7049931287219423 0.15106529887551787 0.6168117269812184 0.1428454001446702 0.6213925790196977 0.14942131912934833 0.7061383417315621 0.11489774445978825 0.7015574896930828 0.10092391661734726 0.6007787448465415 0.10338988623660156 0.5137425561154375 0.10749983560202539 0.4736601007787449
2 0.09188202801341488 0.695831424644984 0.11489774445978825 0.6969766376546038 0.1001019267442625 0.5904718277599633 0.07379825080555008 0.5767292716445258
7 0.08777207864799105 0.7049931287219423 0.09270401788649965 0.8710490151168118 0.09352600775958442 0.9099862574438845 0.11571973433287301 0.9042601923957857 0.11325376471361871 0.8595968850206139 0.11571973433287301 0.7072835547411819
7 0.11818570395212731 0.7164452588181401 0.1255836128098902 0.7897388914338067 0.14613335963700927 0.8573064590013743 0.15188728874860263 0.9076958314246449 0.15188728874860263 0.9340357306459003 0.1765469849411455 0.9363261566651396 0.17983494443348458 0.8779202931745306 0.16668310646412832 0.8080622995877234 0.14613335963700927 0.723316536875859 0.14366739001775497 0.7072835547411819
7 0.15764121786019597 0.7084287677508017 0.17490300519497598 0.7095739807604214 0.19216479252975607 0.8458543289051764 0.17819096468731505 0.8595968850206139 0.15846320773328074 0.7622537792029318
7 0.07708621029788913 0.7633989922125516 0.06722233182087195 0.8802107191937701 0.062290392582363394 0.8573064590013743 0.06640034194778718 0.8344021988089785 0.05078253435917668 0.7565277141548328
3 0.07708621029788913 0.9122766834631241 0.07379825080555008 0.945487860742098 0.08366212928256722 0.9638112688960147 0.10996580522127969 0.956939990838296 0.09599197737883867 0.929454878607421
3 0.09270401788649965 0.913421896472744 0.1280495824291445 0.9523591387998167 0.14695534951009404 0.9340357306459003 0.12393963306372066 0.9031149793861658
3 0.1502433090024331 0.9328905176362804 0.14120142039850067 0.9603756298671554 0.15106529887551787 0.9855703160787906 0.1790129545603998 0.9878607420980302 0.1839448937989084 0.9466330737517179 0.17819096468731505 0.9363261566651396
6 0.4519135924245414 0.33737975263398995 0.4757512987439995 0.3408153916628493 0.4872591569671861 0.40151168117269814 0.4584895114092194 0.6397159871736143 0.4280758861050832 0.7153000458085204 0.3787564937199973 0.8114979386165827 0.33930097981192875 0.8779202931745306 0.34916485828894583 0.9443426477324783 0.39519629118169264 0.9798442510306917 0.39026435194318404 0.9958772331653688 0.33847898993884395 0.9935868071461292 0.32861511146182676 0.9706825469537333 0.3088873545077925 0.8641777370590931 0.41656802788189645 0.6534585432890518 0.4469816531860328 0.41296381126889603 0.4436936936936937 0.34768666972056805
6 0.2718978102189781 0.2766834631241411 0.2406621950417571 0.27439303710490154 0.22175642796080755 0.3076042143838754 0.20942657986453606 0.37631699496106275 0.19874071151443412 0.571003206596427 0.20778260011836652 0.6316994961062757 0.22751035707240083 0.6259734310581768 0.27107582034589334 0.5790196976637655 0.35163082790820016 0.4026568941823179 0.36067271651213256 0.3568483737975264 0.3820444532123364 0.3511223087494274 0.4034161899125403 0.33852496564360973 0.4034161899125403 0.3179111314704535 0.36478266587755637 0.29615208428767753 0.3532748076543697 0.3018781493357765 0.31628526336555535 0.3419606046724691 0.31217531400013154 0.42327072835547414 0.2431281646610114 0.5091617040769584 0.26121194186887614 0.35341273476866697
6 0.16010718747945027 0.3660100778744847 0.1568192279871112 0.41868987631699495 0.16914907608338262 0.48854786990380206 0.19874071151443412 0.49427393495190103 0.21024856973762082 0.43243243243243246 0.20449464062602749 0.4289967934035731 0.20696061024528176 0.35341273476866697 0.1765469849411455 0.3522675217590472
6 0.07626422042480437 0.2995877233165369 0.11654172420595778 0.3018781493357765 0.10421187610968632 0.5240494732020157 0.1502433090024331 0.6042143838754008 0.14120142039850067 0.6282638570774164 0.12887157230222926 0.6213925790196977 0.11818570395212731 0.5916170407695832 0.08859406852107582 0.575584058634906 0.08448411915565199 0.543518094365552 0.08366212928256722 0.4244159413650939
6 0.013792990070362334 0.3877691250572607 0.03845268626290523 0.4312872194228127 0.025300848293549016 0.4667888227210261 0.03598671664365093 0.4862574438845626 0.05900243309002433 0.4278515803939533 8.644072211193433e-18 0.30398345873154325
