5 0.3486590038314176 0.3158632126722708 0.30727969348659007 0.28383942357179615 0.2689655172413793 0.2701149425287356 0.24061302681992341 0.28269571681820777 0.21455938697318014 0.32958769371533136 0.20536398467432954 0.39592268542345743 0.2183908045977012 0.47598215817464407 0.2521072796934866 0.5160118945502373 0.2988505747126437 0.5160118945502373 0.3203065134099617 0.533167495854063 0.3310344827586207 0.5308800823468862 0.3471264367816092 0.4508206095956997 0.3639846743295019 0.4256590610167553 0.36475095785440614 0.3455995882655687
5 0.45287356321839084 0.22779779264596553 0.4681992337164751 0.1546005604163092 0.4942528735632184 0.12257677131583457 0.5210727969348659 0.12715159833018808 0.5532567049808429 0.1488820266483673 0.5662835249042145 0.20263624406702116 0.5670498084291188 0.22779779264596553 0.5616858237547893 0.2689712357751472 0.5440613026819924 0.31929433293303594 0.5233716475095785 0.37991079087322005 0.49348659003831413 0.39477897866986905 0.46360153256704983 0.3524618287870989 0.44750957854406137 0.3273002802081546 0.4383141762452108 0.2849831303253845 0.4367816091954023 0.2300852061531423
5 0.5839080459770115 0.24037856693543772 0.6260536398467433 0.2346600331674958 0.6505747126436782 0.2701149425287356 0.632183908045977 0.3147195059186824 0.6191570881226054 0.3524618287870989 0.6160919540229884 0.42451535426316694 0.6015325670498084 0.4496769028421113 0.5524904214559387 0.44281466232058103 0.5264367816091955 0.39477897866986905 0.5348659003831419 0.34102476125121517 0.546360153256705 0.30671355864356376
5 0.660536398467433 0.29070166409332643 0.6988505747126437 0.2861268370789729 0.7501915708812261 0.3112883856579173 0.7616858237547893 0.3536055355406873 0.7693486590038314 0.42337164750957856 0.7547892720306513 0.48284439869617435 0.728735632183908 0.5171556013038257 0.685823754789272 0.548035683650712 0.6590038314176245 0.5514668039114771 0.639080459770115 0.4885629324641162 0.628352490421456 0.47826957168182077 0.6206896551724138 0.41994052724881337 0.6252873563218391 0.34903070852633383
5 0.8061302681992337 0.2060673643277863 0.774712643678161 0.21064219134213982 0.7662835249042146 0.2632527020072053 0.7655172413793103 0.29985131812203347 0.7977011494252874 0.3090009721507405 0.8199233716475096 0.28841425058614967 0.8337164750957854 0.27240235603591234 0.828352490421456 0.24266598044261445 0.8245210727969349 0.21979184537084687
5 0.992337164750958 0.20721107108137468 0.9708812260536399 0.20721107108137468 0.9440613026819924 0.2300852061531423 0.943295019157088 0.28955795733973805 0.9616858237547892 0.30785726539715214 0.998 0.29882388822172656 0.998 0.21064219134213982
5 0.38850574712643676 0.4107908732201064 0.3540229885057472 0.4405272488134042 0.33639846743295027 0.5114370675358838 0.33486590038314185 0.5812031795047751 0.3501915708812261 0.6349573969234288 0.3639846743295019 0.6749871332990222 0.40536398467432944 0.6887116143420827 0.4521072796934866 0.6521129982272545 0.4651340996168583 0.5892091267798936 0.4704980842911878 0.5217304283181793 0.45977011494252873 0.4656887973923486 0.4452107279693487 0.4382398353062275 0.42068965517241386 0.4073597529593412
5 0.5371647509578544 0.48627551895693943 0.4996168582375479 0.5377423228684165 0.496551724137931 0.5972150740550123 0.5095785440613027 0.6646937725167268 0.5256704980842912 0.737891004746383 0.5739463601532567 0.7870703951506833 0.610727969348659 0.7607651398181506 0.6452107279693486 0.7298850574712644 0.6582375478927203 0.6692685995310802 0.656704980842912 0.6075084348373078 0.6291187739463602 0.5514668039114771 0.5984674329501916 0.4988562932464116 0.5701149425287357 0.48284439869617435
5 0.1402298850574713 0.3661863098301595 0.16551724137931037 0.3696174300909246 0.17471264367816094 0.4062160462057528 0.15325670498084296 0.41879682049522504 0.13639846743295017 0.4039286326985761
1 0.767816091954023 0.30213873162921023 0.8053639846743295 0.3147195059186824 0.8199233716475096 0.35017441527992216 0.8298850574712644 0.35017441527992216 0.8229885057471266 0.4165094069880483 0.8352490421455939 0.43595242179905075 0.8681992337164751 0.4588265568708183 0.8674329501915709 0.47369474466746725 0.8605363984674329 0.48398810544976273 0.7693486590038314 0.40164121919139933 0.7586206896551725 0.34903070852633383 0.7517241379310345 0.3227254531938011
1 0.9494252873563218 0.3158632126722708 0.938697318007663 0.3524618287870989 0.9409961685823756 0.42680276777034365 0.9095785440613027 0.533167495854063 0.9685823754789271 0.6235203293875451 0.9662835249042145 0.5457482701435352 0.996168582375479 0.4553954366100532 0.998 0.3794052724881354 0.998 0.2987076113684451 0.9701149425287355 0.3170069194258591
1 0.8544061302681992 0.5194430148110024 0.8750957854406131 0.5526105106650655 0.8804597701149426 0.5789157659975982 0.8781609195402299 0.6235203293875451 0.8697318007662835 0.6589752387487848 0.8383141762452108 0.7070109223994968 0.8045977011494253 0.7264539372104992 0.771647509578544 0.7035798021387316 0.7517241379310345 0.6761308400526105 0.7501915708812261 0.6909990278492595 0.7685823754789273 0.7138731629210271 0.7992337164750958 0.7573340195573856 0.8329501915708812 0.8133756504832159 0.8490421455938698 0.8488305598444559 0.8513409961685824 0.8900040029736376 0.8743295019157089 0.9368959798707611 0.885823754789272 0.960913821696117 0.9256704980842912 0.9917939040430034 0.998 0.9907250478007141 0.998 0.7195916966889689 0.9777777777777779 0.6669811860239034 0.9494252873563218 0.614370675358838 0.9141762452107279 0.5720535254760679
1 0.7011494252873564 0.7150168696746154 0.6743295019157088 0.7905015154114484 0.6444444444444445 0.8305312517870417 0.6306513409961686 0.8351060788013953 0.6413793103448275 0.8968662434951677 0.6413793103448275 0.9483330474066448 0.61455938697318 0.9563389946817636 0.6108765662213937 0.9970149253731343 0.7486590038314176 0.9970149253731343 0.7233716475095786 0.9254589123348773 0.7662835249042146 0.8728484016698118 0.832183908045977 0.855692800365986 0.839080459770115 0.8877165894664608 0.8562670654468685 0.9970149253731343 0.89272030651341 0.9970149253731343 0.8544061302681992 0.8968662434951677 0.8513409961685824 0.8465431463372791 0.8206896551724139 0.78935780865786 0.789272030651341 0.737891004746383 0.7455938697318008 0.7070109223994968
1 0.5111111111111111 0.6669811860239034 0.4758620689655172 0.7516154857894436 0.4467432950191571 0.7779207411219762 0.4329501915708812 0.8499742665980442 0.40076628352490423 0.9014410705095214 0.4 0.855692800365986 0.3816091954022988 0.8156630639903928 0.357088122605364 0.743609538514325 0.34176245210727974 0.804225996454509 0.3272030651340997 0.8522616801052211 0.3593869731800767 0.9769257162463544 0.3616302681992338 0.9970149253731343 0.5371647509578544 0.9970149253731343 0.554022988505747 0.981500543260708 0.5685823754789272 0.8957225367415794 0.5402298850574713 0.8568365071195745 0.5279693486590038 0.8213815977583347 0.5279693486590038 0.8019385829473322 0.5524904214559387 0.7733459141076228 0.5195402298850574 0.7356035912392063
1 0.29655172413793107 0.5297363755932979 0.2183908045977012 0.5228741350717676 0.2091954022988506 0.5468919768971235 0.23601532567049813 0.614370675358838 0.24061302681992341 0.6761308400526105 0.2659003831417625 0.6761308400526105 0.27586206896551724 0.7699147938468577 0.22605363984674332 0.765339966832504 0.21915708812260537 0.7939326356722136 0.19157088122605367 0.7836392748899182 0.18007662835249041 0.7527591925430319 0.17164750957854405 0.7676273803396808 0.15478927203065135 0.7504717790358553 0.14406130268199238 0.686424200834906 0.1448275862068966 0.6040773145765426 0.11954022988505747 0.6726997197918454 0.10114942528735633 0.7321724709784411 0.07969348659003833 0.7996511694401556 0.07126436781609198 0.8488305598444559 0.05440613026819924 0.8739921084234002 0.04991020550330897 0.9970149253731343 0.328735632183908 0.9970149253731343 0.30344827586206896 0.8751358151769886 0.33563218390804606 0.7607651398181506 0.31340996168582375 0.6498255847200778 0.3272030651340997 0.5697661119688912
1 0.4337164750957854 0.33301881397609645 0.46053639846743294 0.39020415165551553 0.481992337164751 0.4473894893349345 0.4957854406130268 0.4656887973923486 0.5233716475095785 0.4130782867272831 0.5218390804597701 0.48513181220335105 0.48582375478927203 0.5583290444330073 0.4689655172413793 0.4965688797392349 0.4521072796934866 0.43023388803110885 0.42605363984674327 0.39477897866986905
1 0.20459770114942533 0.4062160462057528 0.15938697318007664 0.41994052724881337 0.12873563218390804 0.4931377594784697 0.12950191570881228 0.5514668039114771 0.1394636015325671 0.5594727511865958 0.1632183908045977 0.5365986161148282 0.19540229885057475 0.5343112026076514 0.2091954022988506 0.5263052553325327 0.21609195402298853 0.47369474466746725
5 0.11647509578544063 0.4085034597129296 0.13869731800766286 0.4222279407559902 0.13180076628352488 0.46454509063876026 0.12107279693486592 0.4634013838851719 0.10574712643678162 0.4348087150454623 0.10727969348659004 0.4153657002344599
6 0.7295019157088123 0.5285926688397096 0.8153256704980842 0.5800594727511866 0.8636015325670499 0.6601189455023733 0.8337164750957854 0.7161605764282039 0.7931034482758621 0.7207354034425574 0.7363984674329501 0.6601189455023733 0.7011494252873564 0.6017899010693658 0.7118773946360153 0.557185337679419
6 0.7624521072796935 0.8842854692056956 0.7264367816091954 0.9208840853205237 0.7494252873563219 0.9940813175501801 0.8567049808429119 0.9952250243037686 0.8344827586206897 0.8591239206267512 0.7701149425287357 0.870560988162635
6 0.6237547892720307 0.5251615485789444 0.6413793103448275 0.5228741350717676 0.6674329501915709 0.5674786984617145 0.6957854406130268 0.5720535254760679 0.7210727969348659 0.7092983359066736 0.6957854406130268 0.7173042831817922 0.671264367816092 0.6704123062846686 0.6743295019157088 0.6006461943157775 0.6505747126436782 0.5651912849545376
6 0.3118773946360153 0.8568365071195745 0.32950191570881227 0.8522616801052211 0.3609195402298851 0.9780694229999428 0.3762452107279694 0.9632012352032938 0.3831417624521073 0.8877165894664608 0.39770114942528734 0.861411334133928 0.4045977011494252 0.9128781380454051 0.4199233716475096 0.8717046949162234 0.4421455938697318 0.8442557328301022 0.44750957854406137 0.8545490936123976 0.41839080459770117 0.9105907245382283 0.4421455938697318 0.891147709727226 0.4498084291187739 0.8751358151769886 0.45363984674329505 0.8854291759592839 0.4406130268199233 0.9163092583061703 0.45363984674329505 0.9037284840166981 0.45670498084291195 0.9185966718133469 0.4467432950191571 0.9368959798707611 0.4398467432950191 0.9449019271458797 0.45363984674329505 0.9391833933779379 0.46360153256704983 0.9414708068851146 0.4459770114942529 0.9677760622176474 0.41762452107279696 0.9963687310573568 0.3302681992337165 0.9952250243037686 0.3019157088122606 0.8808543489449304
6 0.00613026819923374 0.3341625207296849 0.03371647509578545 0.3638988963229827 0.11264367816091957 0.4496769028421113 0.11800766283524908 0.47598215817464407 0.10804597701149428 0.4977125864928232 0.08659003831417626 0.509149654028707 0.06436781609195404 0.509149654028707 0.05363984674329504 0.4874192257105278 0.07049808429118776 0.48970663921770463 0.00306513409961687 0.38906044490192715 0.0 0.3273002802081546
6 0.07203065134099618 0.22665408589237715 0.07969348659003833 0.25524675473208663 0.07892720306513411 0.20949848458855144 0.08199233716475098 0.20377995082060954 0.08965517241379312 0.22093555212443525 0.09272030651340998 0.2449533939497912 0.09731800766283527 0.2346600331674958 0.10191570881226056 0.24266598044261445 0.10651340996168585 0.2460971007033796 0.1049808429118774 0.2701149425287356 0.1088122605363985 0.30671355864356376 0.11034482758620692 0.4130782867272831 0.10574712643678162 0.42337164750957856 0.10114942528735633 0.42909018127752047 0.08275862068965517 0.4073597529593412 0.08582375478927204 0.370761136844513 0.08888888888888892 0.30785726539715214 0.08122605363984675 0.2746897695430891
6 0.011494252873563227 0.6978612683707898 0.026053639846743294 0.7790644478755646 0.04597701149425288 0.8568365071195745 0.04750957854406133 0.8922914164808142 0.005363984674329515 0.915165551552582 -8.881784197001253e-19 0.8844760869979602 0.0007662835249042246 0.695573854863613
6 0.14712643678160922 0.5503230971578887 0.1846743295019157 0.5400297363755933 0.20842911877394638 0.5526105106650655 0.23524904214559392 0.6223766226339567 0.23295019157088123 0.6852804940813176 0.23448275862068968 0.7001486818779665 0.22375478927203066 0.7230228169497341 0.2137931034482759 0.7218791101961457 0.22068965517241382 0.7847829816435066 0.20613026819923372 0.7916452221650367 0.19003831417624523 0.7847829816435066 0.17701149425287357 0.743609538514325 0.17547892720306513 0.7619088465717391 0.17394636015325673 0.7699147938468577 0.15785440613026824 0.7447532452679134 0.1402298850574713 0.686424200834906 0.14559386973180077 0.5972150740550123
8 0.7363984674329501 0.5297363755932979 0.7555555555555555 0.4885629324641162 0.8260536398467433 0.5022874135071768 0.8628352490421456 0.5297363755932979 0.8835249042145594 0.5972150740550123 0.8727969348659004 0.6486818779664894 0.8291187739463602 0.5869217132727169
