5 0.2844106463878327 0.11063725322280453 0.20684410646387835 0.14489204032930267 0.21292775665399238 0.2590746640176298 0.22661596958174904 0.310456844677377 0.20304182509505705 0.36412267781089075 0.20304182509505705 0.39495198620673905 0.22129277566539923 0.39723563868050565 0.22965779467680608 0.49429086881558365 0.24486692015209127 0.5228365247376654 0.3193916349809886 0.4828726064467509 0.3779467680608365 0.4394832094451866 0.41216730038022814 0.41207937975998815 0.40608365019011405 0.2944712773610112 0.4083650190114069 0.2350963130430811 0.4296577946768061 0.1837141323833339 0.4638783269961977 0.15631030269813537 0.45703422053231935 0.12205551559163724 0.3809885931558935 0.0683896824581235 0.31102661596958175 0.06153872503682388
5 0.2539923954372624 0.07409881364253987 0.1908745247148289 0.03641854782539192 0.13079847908745246 0.04098585277292499 0.08745247148288973 0.09807716461708856 0.07300380228136882 0.20883430959476587 0.067680608365019 0.25679101154386325 0.09049429657794676 0.3412861530732253 0.0950570342205323 0.415504858470638 0.11939163498098858 0.4371995569714201 0.18098859315589352 0.3664063302846573 0.22585551330798478 0.32073328080932645 0.20836501901140683 0.24537274917503057 0.2053231939163498 0.14260838785553615 0.2768060836501901 0.10949542698592125
5 0.5003802281368822 0.14603386656618594 0.447148288973384 0.17686317496203424 0.4114068441064639 0.24423092293814727 0.41216730038022814 0.3424279793101086 0.417490494296578 0.41207937975998815 0.3885931558935361 0.4531851242877859 0.3695817490494297 0.4897235638680506 0.3779467680608365 0.5182692197901323 0.39847908745247146 0.525120177211432 0.3977186311787072 0.5810696628187123 0.4022813688212928 0.6746994142431405 0.4281368821292776 0.6952522865070393 0.4372623574144487 0.6404446271366424 0.6106463878326998 0.5570913118441635 0.6638783269961978 0.5285456559220818 0.6699619771863118 0.3858173763116729 0.7300380228136882 0.31616597586179335 0.7064638783269961 0.20198335217346625 0.6638783269961978 0.17343769625138444 0.5825095057034221 0.14945934527683574
5 0.7688212927756654 0.30132223478231085 0.673764258555133 0.38467555007478965 0.6684410646387833 0.5308293083958483 0.6950570342205323 0.672415761769374 0.6692015209125475 0.7534854245880862 0.6486692015209126 0.7751801230888683 0.6349809885931559 0.8231368250379657 0.6433460076045628 0.8425478710649814 0.6836501901140685 0.8505406547231642 0.6874524714828897 0.9007810091460281 0.6904942965779467 0.979567019490974 0.7346007604562738 0.9704324095959078 0.9847908745247148 0.853966133433814 0.9802281368821293 0.23281266056931457 0.9186311787072243 0.21796891948983205 0.7984790874524715 0.2762020575708789
5 0.8806083650190114 0.23167083433243127 0.8653992395437262 0.20883430959476587 0.8897338403041827 0.13689925667111977 0.8980988593155894 0.02385845921967593 0.9802281368821293 0.02614211169344247 0.9847908745247148 0.2350963130430811 0.9193916349809887 0.21796891948983205 0.8882129277566542 0.23281266056931457
5 0.8828897338403042 0.14603386656618594 0.8562737642585551 0.20883430959476587 0.7984790874524715 0.243089096701264 0.732319391634981 0.2350963130430811 0.7224334600760456 0.16887039130385134 0.7057034220532319 0.12890647301293687 0.6866920152091255 0.12319734182852052 0.6920152091254754 0.08323342353760603 0.7003802281368822 0.05582959385240753 0.6973384030418252 0.015865675561493032 0.8562737642585551 0.019291154272142844 0.8692015209125475 0.10378629580150492 0.8851711026615969 0.13461560419735322
5 0.6730038022813687 0.04555315772045808 0.685171102661597 0.10492812203838817 0.6692015209125475 0.17343769625138444 0.5825095057034221 0.15060117151371902 0.5110266159695818 0.14032473538176957 0.4699619771863118 0.15402665022436884 0.46615969581749045 0.1323319517235867 0.488212927756654 0.09807716461708856 0.5011406844106464 0.03984402653604173 0.5171102661596958 0.009014718140193405 0.5231939163498098 0.002163760718893778 0.658555133079848 0.003305586955777049
5 0.4281368821292776 0.012440196850843218 0.4190114068441065 0.04441133148357481 0.41520912547528516 0.08323342353760603 0.45703422053231935 0.12091368935475398 0.4692015209125476 0.12205551559163724 0.488212927756654 0.09693533838020527 0.5072243346007604 0.02728393793032574 0.5133079847908746 0.013582023087726488
5 0.23041825095057034 0.038702200299158454 0.25247148288973387 0.01472384932460976 0.3429657794676806 0.015865675561493032 0.3779467680608365 0.06724785622124023 0.3057034220532319 0.06268055127370716 0.2806083650190114 0.10606994827527144 0.2532319391634981 0.07181516116877332 0.21749049429657794 0.05240411514175771
1 0.24410646387832702 0.5171273935532491 0.2973384030418251 0.5593749643179301 0.3361216730038023 0.5605167905548134 0.37642585551330804 0.5285456559220818 0.3961977186311787 0.5285456559220818 0.40076045627376433 0.6450119320841754 0.4068441064638783 0.6872595028488565 0.4296577946768061 0.7089542013496387 0.41368821292775665 0.7169469850078215 0.4114068441064639 0.7477762934036699 0.420532319391635 0.7900238641683508 0.41216730038022814 0.828845956222382 0.39391634980988594 0.8870790943034289 0.39543726235741444 0.9818506719647405 0.0950570342205323 0.9784251932540905 0.132319391634981 0.8676680482764134 0.14068441064638784 0.8071512577216 0.132319391634981 0.7614782082462691 0.1490494296577947 0.6838340241382067 0.18555133079847905 0.6016225350826111 0.20684410646387835 0.5810696628187123 0.23269961977186313 0.5228365247376654
1 0.08212927756653991 0.35270441544205805 0.09581749049429658 0.43149042578700375 0.11863117870722434 0.4417668619189532 0.1543726235741445 0.39495198620673905 0.20076045627376424 0.3492789367314082 0.19695817490494294 0.38695920254855615 0.22129277566539923 0.4052284223386885 0.23346007604562738 0.5102764361319495 0.21673003802281368 0.5616586167916966 0.17718631178707223 0.6039061875563777 0.13307984790874525 0.7283652473766543 0.1361216730038023 0.811718562669133 0.09733840304182508 0.976141540780324 0.01596958174904941 0.9829924982016237 0.017490494296577935 0.5342547871064982 0.04866920152091254 0.45090147181401935 0.06387832699619769 0.3709736352321904
1 0.43802281368821294 0.6381609746628758 0.6745247148288974 0.5262620034483152 0.6958174904942966 0.6781248929537903 0.6463878326996199 0.7877402116945843 0.6326996197718632 0.8277041299854988 0.6494296577946768 0.841406044828098 0.6874524714828897 0.853966133433814 0.6927756653992396 0.9772833670172073 0.3977186311787072 0.9852761506753902 0.3992395437262357 0.879086310645246 0.41977186311787074 0.7911656904052341 0.4091254752851711 0.731790726087304 0.41596958174904936 0.7066705488758721 0.4266159695817491 0.7055287226389888
1 0.9847908745247148 0.8562497859075807 0.7376425855513308 0.9692905833590245 0.9794676806083651 0.9738578883065575
1 0.726235741444867 0.24879822788568037 0.7923954372623575 0.24994005412256362 0.8661596958174905 0.20655065712099932 0.8798479087452472 0.2362381392799644 0.7923954372623575 0.2819111887552952 0.7429657794676807 0.3184496283355599
0 0.030418250950570325 0.175721348725151 0.042585551330798464 0.2191107457267153 0.06844106463878324 0.20655065712099932 0.06387832699619769 0.1597357814087852 0.06387832699619769 0.12548099430228707 0.026615969581749027 0.10949542698592125 0.009125475285171093 0.14945934527683574
