5 0.2589017589017589 0.444 0.22629772629772624 0.46342857142857147 0.19884169884169886 0.4977142857142857 0.22458172458172457 0.5354285714285715 0.2468897468897469 0.5537142857142858 0.2932217932217933 0.5502857142857144 0.330973830973831 0.5262857142857144 0.33783783783783783 0.4965714285714286 0.3275418275418275 0.46571428571428575 0.30694980694980695 0.452
5 0.4476619476619476 0.13657142857142857 0.40132990132990143 0.14114285714285713 0.37902187902187906 0.16742857142857143 0.37558987558987555 0.19485714285714284 0.3910338910338911 0.23142857142857143 0.4047619047619047 0.23828571428571427 0.4236379236379236 0.25085714285714283 0.4665379665379665 0.2497142857142857 0.48884598884598884 0.23142857142857143 0.5077220077220077 0.2177142857142857 0.5163020163020163 0.196 0.5128700128700129 0.18457142857142855 0.5145860145860145 0.15942857142857142 0.4991419991419992 0.14571428571428569 0.4785499785499785 0.14
5 0.7067782067782069 0.2302857142857143 0.6776061776061775 0.24057142857142855 0.6638781638781638 0.2542857142857143 0.6552981552981552 0.2691428571428572 0.6776061776061775 0.30114285714285716 0.6981981981981982 0.32171428571428573 0.7187902187902189 0.308 0.7428142428142429 0.2897142857142857 0.7582582582582582 0.2748571428571429 0.7548262548262549 0.25085714285714283 0.7376662376662376 0.24057142857142855
5 0.8354783354783353 0.2177142857142857 0.8011583011583013 0.22342857142857142 0.7942942942942943 0.244 0.8063063063063063 0.28628571428571425 0.8234663234663233 0.29542857142857143 0.8595023595023593 0.28628571428571425 0.886958386958387 0.26342857142857146 0.8938223938223937 0.2257142857142857 0.8543543543543544 0.2177142857142857
5 0.9933504933504935 0.20285714285714282 0.9521664521664521 0.2074285714285714 0.9075504075504074 0.2337142857142857 0.9144144144144144 0.2668571428571429 0.9641784641784641 0.29314285714285715 0.996996996996997 0.2879387755102041
5 0.8921063921063921 0.2748571428571429 0.8646503646503647 0.2885714285714286 0.8406263406263407 0.3045714285714286 0.8457743457743456 0.3308571428571429 0.8646503646503647 0.35714285714285715 0.886958386958387 0.3628571428571429 0.9161304161304161 0.36628571428571427 0.9727584727584728 0.3342857142857143 0.9796224796224795 0.3125714285714286 0.9573144573144574 0.292
5 0.6827541827541829 0.5251428571428571 0.6347061347061348 0.5365714285714286 0.6175461175461174 0.556 0.6038181038181037 0.5845714285714285 0.6089661089661091 0.6177142857142858 0.6552981552981552 0.6348571428571429 0.7033462033462032 0.6417142857142858 0.7616902616902615 0.6142857142857143 0.7582582582582582 0.5765714285714285 0.7496782496782496 0.5468571428571429 0.7170742170742173 0.5331428571428571
1 0.3996138996138996 0.2668571428571429 0.4219219219219219 0.28514285714285714 0.46310596310596314 0.292 0.506006006006006 0.2771428571428572 0.49227799227799235 0.26 0.5437580437580437 0.2748571428571429 0.5832260832260833 0.28285714285714286 0.6106821106821108 0.29542857142857143 0.6347061347061348 0.364 0.6329901329901332 0.38342857142857145 0.5900900900900901 0.3822857142857143 0.5763620763620764 0.3708571428571429 0.5712140712140712 0.38114285714285717 0.5609180609180608 0.4074285714285714 0.566066066066066 0.4508571428571429 0.5609180609180608 0.4668571428571429 0.5694980694980696 0.48628571428571427 0.5746460746460745 0.4897142857142857 0.5883740883740884 0.5148571428571429 0.5849420849420849 0.5537142857142858 0.5317460317460317 0.5594285714285715 0.43736593736593743 0.564 0.3481338481338482 0.5582857142857144 0.34641784641784634 0.54 0.37558987558987555 0.5331428571428571 0.38073788073788073 0.5228571428571429 0.36357786357786354 0.5091428571428571 0.3567138567138567 0.4691428571428572 0.4064779064779064 0.47485714285714287 0.4339339339339339 0.46571428571428575 0.4665379665379665 0.4531428571428572 0.4562419562419563 0.4405714285714286 0.4081939081939082 0.436 0.36529386529386537 0.4348571428571429 0.34641784641784634 0.42914285714285716 0.33783783783783783 0.40628571428571425 0.29665379665379665 0.4154285714285714 0.2520377520377521 0.3982857142857143 0.29665379665379665 0.324 0.31896181896181897 0.3057142857142857 0.36529386529386537 0.2771428571428572
1 0.7582582582582582 0.28514285714285714 0.6964821964821966 0.3262857142857143 0.6964821964821966 0.36742857142857144 0.6947661947661948 0.4051428571428572 0.7239382239382239 0.4668571428571429 0.7445302445302446 0.4462857142857143 0.7891462891462893 0.39142857142857146 0.8474903474903474 0.3697142857142857 0.8543543543543544 0.35942857142857143 0.8183183183183184 0.34914285714285714 0.7942942942942943 0.32742857142857146 0.8131703131703133 0.3205714285714286 0.8217503217503217 0.3205714285714286
1 0.9950664950664951 0.2874285714285714 0.9590304590304591 0.29428571428571426 0.9779064779064778 0.31142857142857144 0.9658944658944658 0.34 0.9487344487344488 0.34914285714285714 0.9710424710424711 0.37314285714285716 0.996996996996997 0.3740526315789474
1 0.8646503646503647 0.36628571428571427 0.7942942942942943 0.39371428571428574 0.7290862290862292 0.4668571428571429 0.7119262119262119 0.4977142857142857 0.7565422565422566 0.5274285714285715 0.7857142857142856 0.5422857142857144 0.7994422994422993 0.5445714285714286 0.7737022737022736 0.5982857142857143 0.7719862719862719 0.6222857142857143 0.8749463749463751 0.6314285714285715 0.868082368082368 0.6028571428571429 0.9590304590304591 0.6051428571428571 0.9813384813384814 0.6097142857142858 0.996996996996997 0.611204081632653 0.996996996996997 0.37542857142857144 0.9573144573144574 0.35828571428571426 0.9281424281424281 0.38571428571428573 0.9229944229944231 0.39371428571428574 0.8835263835263834 0.3925714285714286
1 0.3138138138138138 0.5525714285714286 0.3172458172458173 0.572 0.2983697983697983 0.5868571428571429 0.2554697554697554 0.596 0.22801372801372807 0.5811428571428571 0.2194337194337194 0.5674285714285714 0.23316173316173325 0.5514285714285715 0.19884169884169886 0.5651428571428571 0.1645216645216645 0.5868571428571429 0.1353496353496353 0.6234285714285714 0.1816816816816817 0.6462857142857144 0.1782496782496782 0.7674285714285715 0.2777777777777778 0.7731428571428571 0.36529386529386537 0.7651428571428571 0.354997854997855 0.6885714285714285 0.36529386529386537 0.6211428571428571 0.3893178893178894 0.6154285714285714 0.41162591162591156 0.5982857142857143 0.36700986700986704 0.5651428571428571
1 0.6381381381381381 0.6405714285714286 0.5712140712140712 0.6611428571428571 0.5334620334620336 0.7148571428571429 0.5506220506220505 0.7297142857142858 0.5986700986700986 0.7422857142857143 0.5763620763620764 0.8188571428571428 0.566066066066066 0.8668571428571429 0.6690261690261692 0.876 0.7102102102102102 0.9 0.7685542685542686 0.9011428571428571 0.7960102960102959 0.892 0.7754182754182752 0.7902857142857144 0.7359502359502359 0.7868571428571429 0.7273702273702273 0.7742857142857144 0.7256542256542255 0.764 0.7376662376662376 0.7491428571428571 0.766838266838267 0.7491428571428571 0.7737022737022736 0.7331428571428571 0.7788502788502789 0.7331428571428571 0.7925782925782926 0.7582857142857143 0.844058344058344 0.748 0.8577863577863577 0.7525714285714286 0.8663663663663663 0.7468571428571429 0.802874302874303 0.6771428571428572 0.7187902187902189 0.6405714285714286 0.7290862290862292 0.652 0.6999141999141999 0.6702857142857144 0.6604461604461604 0.6645714285714286 0.6398541398541399 0.6565714285714286
2 0.17653367653367652 0.7765714285714286 0.17653367653367652 0.8771428571428571 0.25032175032175025 0.8737142857142858 0.25718575718575726 0.82 0.2691977691977693 0.8165714285714285 0.2691977691977693 0.8474285714285714 0.32067782067782064 0.8588571428571429 0.3567138567138567 0.7697142857142858
2 0.5746460746460745 0.876 0.6278421278421278 0.9765714285714285 0.6999141999141999 0.972 0.7016302016302015 0.9845714285714285 0.7342012342012341 0.998 0.7771342771342773 0.9 0.6861861861861862 0.8942857142857144 0.6673101673101671 0.8782857142857143
2 0.5746460746460745 0.5605714285714286 0.5763620763620764 0.6245714285714286 0.5489060489060489 0.6874285714285715 0.5094380094380095 0.676 0.4768339768339768 0.6851428571428572 0.46138996138996147 0.6371428571428571 0.47168597168597165 0.6062857142857143 0.4648219648219648 0.6062857142857143 0.4510939510939511 0.6337142857142858 0.4390819390819391 0.6897142857142857 0.40132990132990143 0.6988571428571428 0.3601458601458602 0.6965714285714285 0.35842985842985836 0.6314285714285715 0.4081939081939082 0.5982857142857143 0.354997854997855 0.5617142857142858 0.4390819390819391 0.5662857142857143 0.5248820248820248 0.5582857142857144
2 0.8901758901758903 0.7102857142857144 0.8507078507078508 0.7194285714285715 0.8026598026598029 0.6714285714285716 0.7683397683397685 0.6577142857142859 0.7683397683397685 0.6211428571428573 0.8833118833118833 0.6314285714285716 0.8747318747318749 0.6051428571428573 0.994851994851995 0.6097142857142859 0.9965679965679967 0.722857142857143 0.9555984555984555 0.716 0.9141999141999142 0.7160000000000001 0.9090519090519092 0.642857142857143 0.8918918918918919 0.6657142857142859
7 0.1851136851136852 0.8748571428571429 0.1851136851136852 0.908 0.16623766623766617 0.9148571428571429 0.18682968682968684 0.9388571428571428 0.2194337194337194 0.932 0.23659373659373656 0.9171428571428571 0.24174174174174173 0.8725714285714286
7 0.26233376233376227 0.852 0.2554697554697554 0.9125714285714286 0.26748176748176744 0.9971428571428571 0.2945087945087936 0.998 0.32067782067782064 0.9457142857142857 0.30351780351780344 0.9137142857142858 0.32067782067782064 0.8565714285714285
7 0.6226941226941228 0.9777142857142858 0.6259003364266522 0.998 0.6964821964821966 0.9971428571428571 0.6896181896181895 0.9685714285714285
7 0.36357786357786354 0.6965714285714285 0.4081939081939082 0.6988571428571428 0.4081939081939082 0.7274285714285714 0.39618189618189625 0.756 0.4064779064779064 0.7845714285714286 0.4339339339339339 0.7788571428571429 0.4339339339339339 0.8245714285714285 0.41162591162591156 0.8668571428571429 0.4099099099099099 0.876 0.3773058773058774 0.8817142857142858 0.354997854997855 0.8314285714285714 0.36357786357786354 0.7674285714285715 0.3704418704418704 0.7491428571428571
7 0.481981981981982 0.684 0.47168597168597165 0.7171428571428571 0.4905619905619905 0.7811428571428571 0.4734019734019735 0.8085714285714286 0.47168597168597165 0.8577142857142858 0.4905619905619905 0.9045714285714286 0.5334620334620336 0.9068571428571429 0.5592020592020592 0.8291428571428571 0.5197340197340197 0.8405714285714285 0.4991419991419992 0.8291428571428571 0.5042900042900044 0.8062857142857144 0.5420420420420421 0.7902857142857144 0.5386100386100385 0.7285714285714285 0.5231660231660232 0.716 0.5523380523380523 0.6931428571428571 0.5471900471900473 0.6874285714285715 0.5111540111540112 0.6794285714285715
7 0.8457743457743456 0.7251428571428571 0.8921063921063921 0.7137142857142857 0.886958386958387 0.7651428571428571 0.8903903903903904 0.8062857142857144 0.88009438009438 0.8451428571428571 0.8835263835263834 0.8748571428571429 0.8474903474903474 0.876 0.814886314886315 0.7857142857142858 0.8663663663663663 0.78 0.868082368082368 0.7491428571428571
7 0.9161304161304161 0.716 0.9950664950664951 0.724 0.9967824967824969 0.8965714285714286 0.9796224796224795 0.8862857142857143 0.9538824538824537 0.8897142857142858 0.9281424281424281 0.812 0.9332904332904335 0.7811428571428571 0.9212784212784214 0.7617142857142858
6 0.24517374517374524 0.404 0.22458172458172457 0.43942857142857145 0.24002574002574006 0.4485714285714286 0.26233376233376227 0.4428571428571429 0.33612183612183616 0.4588571428571429 0.4133419133419134 0.4691428571428572 0.46996996996997 0.44971428571428573 0.45452595452595446 0.444 0.4047619047619047 0.43714285714285717 0.3601458601458602 0.4337142857142857 0.28292578292578296 0.4245714285714286 0.2915057915057915 0.41428571428571426
6 0.5849420849420849 0.38 0.5832260832260833 0.42 0.5677820677820677 0.4508571428571429 0.5763620763620764 0.468 0.6003861003861004 0.4737142857142857 0.6364221364221365 0.45542857142857146 0.6158301158301158 0.444 0.6432861432861431 0.38571428571428573 0.6381381381381381 0.37542857142857144 0.6261261261261262 0.3822857142857143
6 0.13191763191763198 0.6257142857142858 0.10446160446160443 0.676 0.10274560274560277 0.7514285714285714 0.08043758043758041 0.7662857142857143 0.1061776061776061 0.7822857142857144 0.10446160446160443 0.7937142857142858 0.12848562848562847 0.7811428571428571 0.1267696267696268 0.7457142857142858 0.15422565422565415 0.6622857142857144 0.1782496782496782 0.6474285714285715
6 0.3704418704418704 0.6234285714285714 0.3893178893178894 0.6451428571428571 0.3996138996138996 0.6897142857142857 0.41162591162591156 0.7308571428571429 0.3996138996138996 0.7617142857142858 0.4099099099099099 0.7857142857142858 0.43736593736593743 0.7754285714285715 0.4339339339339339 0.716 0.43221793221793225 0.6462857142857144 0.40132990132990143 0.6085714285714285
6 0.8612183612183614 0.7582857142857143 0.8389103389103391 0.7491428571428571 0.790862290862291 0.7582857142857143 0.7719862719862719 0.7331428571428571 0.7719862719862719 0.748 0.7359502359502359 0.7514285714285714 0.7170742170742173 0.7674285714285715 0.7359502359502359 0.7937142857142858 0.7702702702702703 0.7902857142857144 0.868082368082368 0.78
6 0.5403260403260404 0.7251428571428571 0.596954096954097 0.7468571428571429 0.5746460746460745 0.8222857142857143 0.5265980265980266 0.8348571428571429 0.4991419991419992 0.8257142857142857 0.5042900042900044 0.8085714285714286 0.5420420420420421 0.7902857142857144
3 0.1507936507936508 0.9137142857142858 0.17481767481767485 0.8931428571428571 0.17996567996568003 0.9034285714285715 0.167953667953668 0.9182857142857144 0.19026169026169018 0.9411428571428571 0.1387816387816388 0.9811428571428571 0.1010296010296011 0.9811428571428571 0.10274560274560277 0.948
3 0.3738738738738739 0.908 0.41505791505791506 0.9171428571428571 0.41677391677391673 0.8885714285714286 0.4442299442299443 0.9034285714285715 0.4305019305019304 0.9822857142857143 0.41677391677391673 0.9925714285714285 0.36357786357786354 0.9948571428571429 0.35328185328185335 0.972
3 0.47511797511797516 0.9434285714285714 0.4991419991419992 0.9308571428571429 0.53003003003003 0.9308571428571429 0.5557700557700557 0.9491428571428571 0.5626340626340626 0.9651428571428571 0.5849420849420849 0.9891428571428571 0.566066066066066 0.996 0.4974259974259975 0.9971428571428571 0.47168597168597165 0.9925714285714285
3 0.850922350922351 0.8954285714285715 0.8818103818103817 0.8931428571428571 0.8972543972543974 0.9114285714285715 0.8818103818103817 0.9411428571428571 0.8543543543543544 0.9582857142857143 0.8131703131703133 0.9571428571428571 0.8011583011583013 0.948
3 0.9453024453024454 0.9182857142857144 0.9453024453024454 0.9445714285714285 0.9693264693264695 0.9674285714285714 0.996996996996997 0.9683984962406015 0.996996996996997 0.9114285714285715
