5 0.430901287553648 0.1944206008583691 0.45579399141630894 0.20929899856938483 0.4626609442060086 0.2642346208869814 0.4600858369098712 0.32489270386266095 0.43948497854077256 0.3798283261802575 0.4060085836909871 0.3958512160228898 0.3811158798283261 0.3775393419170243 0.35793991416309007 0.31344778254649497 0.34420600858369094 0.2814020028612303 0.3527896995708154 0.25622317596566524 0.37253218884120165 0.1921316165951359 0.3974248927038626 0.17954220314735334 0.4137339055793991 0.17725321888412016
5 0.5811158798283261 0.2939914163090129 0.5433476394849784 0.26766809728183116 0.5107296137339056 0.2733905579399141 0.4918454935622317 0.29971387696709584 0.4798283261802575 0.36380543633762513 0.486695278969957 0.4107296137339056 0.5004291845493561 0.4450643776824034 0.5381974248927038 0.45650929899856935 0.5682403433476394 0.4278969957081545 0.5854077253218883 0.39241773962804005 0.5957081545064378 0.3592274678111588
5 0.7553648068669528 0.33519313304721027 0.7390557939914163 0.3821173104434907 0.7313304721030043 0.4439198855507868 0.7321888412017168 0.5034334763948498 0.8 0.5022889842632332 0.8300429184549355 0.5 0.8540772532188842 0.44735336194563663 0.8566523605150215 0.40386266094420603 0.8540772532188842 0.3592274678111588 0.8274678111587982 0.3306151645207439 0.7931330472103003 0.31344778254649497
5 0.9510729613733904 0.38097281831187413 0.9150214592274678 0.3683834048640915 0.9004291845493563 0.38783977110157364 0.8832618025751071 0.4221745350500715 0.8909871244635192 0.4622317596566523 0.9098712446351931 0.4862660944206008 0.9373390557939912 0.49542203147353364 0.9562231759656652 0.4977110157367668 0.975107296137339 0.4599427753934191 0.9699570815450643 0.4256080114449213 0.9665236051502145 0.3958512160228898
5 0.2618025751072961 0.1944206008583691 0.21545064377682402 0.22303290414878396 0.20000000000000004 0.27453505007153073 0.1871244635193133 0.28712446351931326 0.19313304721030042 0.31917024320457793 0.19828326180257513 0.34320457796852644 0.21030042918454936 0.38097281831187413 0.25665236051502144 0.3969957081545064 0.28497854077253215 0.3832618025751073 0.30386266094420605 0.3454935622317597 0.31759656652360513 0.27682403433476394 0.3158798283261802 0.24134477825464948 0.2978540772532189 0.20472103004291844
5 0.3871244635193133 0.40042918454935617 0.3510729613733905 0.40271816881258937 0.3373390557939914 0.4450643776824034 0.32875536480686696 0.4839771101573676 0.33218884120171677 0.5309012875536481 0.3502145922746781 0.5732474964234621 0.3836909871244635 0.5915593705293276 0.4317596566523605 0.5972818311874105 0.4497854077253219 0.5835479256080115 0.45665236051502145 0.5400572246065808 0.4609442060085837 0.488555078683834 0.44721030042918447 0.4599427753934191 0.4248927038626609 0.409585121602289
5 0.6909871244635193 0.5583690987124463 0.6515021459227468 0.5755364806866953 0.6257510729613733 0.6373390557939914 0.6223175965665235 0.6991416309012877 0.6360515021459227 0.7380543633762517 0.6703862660944205 0.7689556509298998 0.7012875536480686 0.771244635193133 0.7339055793991416 0.746065808297568 0.7545064377682403 0.7082975679542204 0.7656652360515022 0.6590844062947067 0.7502145922746781 0.5995708154506437 0.7227467811158798 0.5640915593705293
1 0.19141630901287554 0.33290414878397706 0.19227467811158797 0.3683834048640915 0.21373390557939914 0.45422031473533614 0.2214592274678112 0.4656652360515022 0.24635193133047212 0.4175965665236051 0.25665236051502144 0.40157367668097277 0.2763948497854077 0.43133047210300424 0.28068669527897 0.4748211731044349 0.2626609442060086 0.5938483547925608 0.23004291845493563 0.6785407725321888 0.17854077253218886 0.7746781115879829 0.1682403433476395 0.7643776824034335 0.16223175965665237 0.6876967095851215 0.13218884120171676 0.6957081545064377 0.0901287553648069 0.7815450643776825 0.0017167381974249167 0.7609442060085838 0.0017167381974249167 0.5148783977110157 0.022317596566523604 0.48168812589413446 0.04291845493562235 0.41416309012875535 0.0815450643776824 0.3729613733905579 0.10214592274678111 0.3535050071530758 0.13733905579399144 0.3397711015736767 0.17939914163090132 0.3306151645207439
1 0.35536480686695276 0.32145922746781114 0.2969957081545064 0.3569384835479256 0.27467811158798283 0.3935622317596566 0.25836909871244634 0.40157367668097277 0.26437768240343346 0.4278969957081545 0.2772532188841202 0.4450643776824034 0.2781115879828326 0.5 0.3210300429184549 0.5217453505007152 0.3261802575107296 0.5263233190271817 0.32875536480686696 0.4759656652360515 0.34849785407725326 0.40386266094420603 0.3811158798283261 0.40386266094420603 0.41802575107296136 0.40615164520743924 0.45665236051502145 0.4839771101573676 0.48154506437768235 0.45422031473533614 0.48497854077253216 0.42331902718168807 0.48497854077253216 0.3798283261802575 0.48412017167381977 0.3443490701001431 0.46351931330472096 0.3306151645207439 0.43776824034334766 0.3866952789699571 0.4128755364806867 0.39241773962804005 0.39313304721030046 0.38898426323319024 0.3836909871244635 0.38097281831187413
1 0.48240343347639486 0.4496423462088698 0.5090128755364807 0.49542203147353364 0.5416309012875535 0.525178826895565 0.5527896995708154 0.5377682403433476 0.5716738197424893 0.5125894134477825 0.5879828326180256 0.4507868383404864 0.5957081545064378 0.39012875536480685 0.6085836909871244 0.3832618025751073 0.6600858369098712 0.40157367668097277 0.6763948497854076 0.43819742489270386 0.6669527896995707 0.4679542203147353 0.67725321888412 0.5137339055793991 0.6721030042918454 0.5560801144492131 0.6334763948497854 0.596137339055794 0.6103004291845493 0.6705293276108726 0.6111587982832617 0.7174535050071531 0.6188841201716738 0.7506437768240344 0.6180257510729614 0.7815450643776825 0.6145922746781116 0.7975679542203147 0.5931330472103005 0.8238912732474964 0.5725321888412017 0.8685264663805438 0.5416309012875535 0.8696709585121603 0.5184549356223175 0.7964234620886982 0.5098712446351931 0.7311874105865522 0.5167381974248927 0.5846924177396281 0.49098712446351933 0.5469241773962804 0.4678111587982833 0.5206008583690986 0.46523605150214586 0.48054363376251785
1 0.32017167381974243 0.5320457796852647 0.35708154506437767 0.5869814020028612 0.39141630901287555 0.6510729613733905 0.41802575107296136 0.6659513590844063 0.448068669527897 0.6155937052932761 0.46695278969957077 0.5331902718168813 0.511587982832618 0.5835479256080115 0.5107296137339056 0.7025751072961374 0.5090128755364807 0.7701001430615165 0.48068669527896996 0.8925608011444921 0.45236051502145913 0.9165951359084407 0.4326180257510729 0.9497854077253218 0.41030042918454934 0.9108726752503578 0.4412017167381974 0.8422031473533621 0.4506437768240343 0.7975679542203147 0.43776824034334766 0.7964234620886982 0.42145922746781117 0.8238912732474964 0.4171673819742489 0.8593705293276108 0.40171673819742487 0.8513590844062948 0.3879828326180257 0.7540772532188842 0.3587982832618026 0.7689556509298998 0.32703862660944205 0.8090128755364808 0.3218884120171674 0.8639484978540772 0.34678111587982835 0.9200286123032905 0.29270386266094417 0.9509298998569385 0.255793991416309 0.9326180257510731 0.24806866952789702 0.8479256080114449 0.255793991416309 0.7586552217453506 0.24721030042918457 0.6888412017167382 0.27210300429184553 0.6030042918454935 0.3081545064377682 0.596137339055794 0.31931330472103003 0.5469241773962804
1 0.6266094420600858 0.7952789699570816 0.5862660944206007 0.8273247496423463 0.575107296137339 0.8765379113018599 0.5605776581099684 0.9973333333333333 0.8360515021459227 0.9944206008583693 0.8188841201716739 0.8387696709585122 0.7510729613733905 0.7907010014306152 0.7484978540772531 0.853648068669528 0.7184549356223175 0.8719599427753935 0.6781115879828326 0.865092989985694 0.6549356223175965 0.825035765379113
1 0.7064377682403433 0.5515021459227467 0.7330472103004291 0.5171673819742488 0.7725321888412017 0.5103004291845493 0.8103004291845494 0.5183118741058654 0.8566523605150215 0.5434907010014306 0.9227467811158797 0.6133047210300429 0.9218884120171674 0.6281831187410586 0.8772532188841201 0.6682403433476395 0.871244635193133 0.6888412017167382 0.8772532188841201 0.7483547925608012 0.8841201716738196 0.788412017167382 0.9072961373390558 0.8078683834048641 0.9399141630901288 0.8891273247496424 0.9141630901287554 0.9703862660944207 0.8781115879828326 0.9829756795422031 0.8360515021459227 0.9623748211731045 0.8214592274678112 0.8319027181688127 0.7665236051502146 0.8010014306151646 0.751931330472103 0.7449213161659514 0.7759656652360515 0.6957081545064377 0.7665236051502146 0.6373390557939914 0.7459227467811158 0.590414878397711 0.7218884120171672 0.5618025751072961
1 0.9047210300429183 0.49542203147353364 0.8746781115879828 0.5045779685264664 0.8446351931330471 0.5354792560801145 0.863519313304721 0.5434907010014306 0.9124463519313304 0.6064377682403433 0.9716738197424892 0.6350500715307582 0.998 0.612624066126212 0.9845493562231759 0.5183118741058654 0.9545064377682404 0.4988555078683834 0.9390557939914163 0.5377682403433476 0.9381974248927037 0.5629470672389127 0.9278969957081544 0.519456366237482
2 0.18626609442060085 0.8181688125894135 0.2111587982832618 0.8925608011444921 0.2044711898456762 0.9973333333333333 0.14334763948497856 0.9967095851216023 0.13562231759656654 0.7998569384835479 0.09098712446351934 0.7815450643776825 0.13819742489270387 0.7025751072961374 0.1605150214592275 0.6945636623748213 0.17167381974248927 0.771244635193133 0.17854077253218886 0.7792560801144492 0.16223175965665237 0.8387696709585122
6 0.9253218884120172 0.6316165951359084 0.8806866952789698 0.6659513590844063 0.8746781115879828 0.6854077253218884 0.992274678111588 0.7666666666666667 0.998 0.7609413447782546 0.998 0.6854077253218884 0.9665236051502145 0.6888412017167382
6 0.2781115879828326 0.5103004291845493 0.3158798283261802 0.5309012875536481 0.3072961373390558 0.5927038626609442 0.2686695278969958 0.60758226037196 0.26523605150214585 0.5915593705293276
6 0.4326180257510729 0.8765379113018599 0.41974248927038627 0.9051502145922747 0.3811158798283261 0.8948497854077253 0.351931330472103 0.8937052932761088 0.35536480686695276 0.9154506437768241 0.3699570815450644 0.952074391988555 0.4042918454935622 0.9600858369098713 0.43519313304721025 0.9566523605150214 0.45321888412017164 0.9108726752503578
7 0.3399141630901287 0.8399141630901289 0.39399141630901285 0.8353361945636624 0.40944206008583683 0.8937052932761088 0.41115879828326174 0.9967095851216023 0.35793991416309007 0.9967095851216023 0.351931330472103 0.9154506437768241
7 0.5184549356223175 0.8776824034334765 0.5321888412017167 0.9680972818311875 0.5419341917024321 0.9973333333333333 0.5570815450643777 0.9967095851216023 0.5742489270386265 0.8776824034334765 0.542489270386266 0.8753934191702433 0.5236051502145922 0.8170243204577968
4 0.20257510729613737 0.732331902718169 0.24635193133047212 0.6567954220314736 0.24291845493562228 0.692274678111588 0.2497854077253219 0.8078683834048641 0.24635193133047212 0.878826895565093 0.23605150214592274 0.8914163090128756 0.19570815450643775 0.7929899856938484 0.1965665236051502 0.7586552217453506
