5 0.43690987124463515 0.169241773962804 0.46695278969957077 0.1944206008583691 0.4875536480686695 0.19098712446351931 0.4772532188841201 0.22646638054363374 0.4660944206008584 0.2505007153075823 0.4506437768240343 0.24020028612303287 0.4403433476394849 0.21273247496423459 0.4343347639484979 0.1898426323319027
5 0.5218884120171673 0.26995708154506437 0.5236051502145922 0.30200286123032904 0.5459227467811159 0.31917024320457793 0.575107296137339 0.3168812589413448 0.5802575107296137 0.26766809728183116 0.5836909871244635 0.25622317596566524 0.5278969957081545 0.2516452074391988 0.5244635193133047 0.2585121602288984
5 0.7236051502145922 0.2642346208869814 0.7261802575107296 0.307725321888412 0.7407725321888412 0.32489270386266095 0.7716738197424893 0.31917024320457793 0.7811158798283261 0.2836909871244635 0.7802575107296137 0.259656652360515 0.7450643776824033 0.2573676680972818
5 0.3090128755364807 0.23333333333333334 0.34592274678111584 0.23333333333333334 0.3502145922746781 0.24134477825464948 0.3433476394849785 0.2733905579399141 0.3364806866952789 0.28712446351931326 0.3141630901287554 0.2836909871244635 0.30042918454935624 0.2939914163090129 0.3047210300429184 0.265379113018598
5 0.9115879828326181 0.2733905579399141 0.9313304721030042 0.26881258941344777 0.9356223175965666 0.2814020028612303 0.9304721030042917 0.28826895565092986 0.9184549356223176 0.28826895565092986
0 0.43862660944206006 0.16237482117310442 0.4489270386266094 0.14062947067238912 0.47124463519313303 0.1440629470672389 0.49699570815450633 0.1680972818311874 0.4892703862660944 0.18412017167381972 0.4703862660944205 0.19098712446351931 0.43690987124463515 0.17496423462088698
0 0.3218884120171674 0.18640915593705293 0.3390557939914163 0.19670958512160228 0.3510729613733905 0.211587982832618 0.34506437768240344 0.22761087267525035 0.31244635193133047 0.22532188841201714
0 0.5278969957081545 0.24592274678111584 0.5356223175965665 0.23218884120171673 0.5613733905579399 0.22875536480686692 0.5785407725321888 0.24592274678111584 0.5845493562231759 0.25507868383404864 0.5399141630901286 0.2505007153075823
0 0.7278969957081545 0.25622317596566524 0.7313304721030043 0.2390557939914163 0.7407725321888412 0.22646638054363374 0.7733905579399142 0.22761087267525035 0.7793991416309012 0.24592274678111584 0.7785407725321888 0.2585121602288984 0.7467811158798282 0.25622317596566524
0 0.9098712446351931 0.26652360515021456 0.9158798283261801 0.2573676680972818 0.9261802575107294 0.25278969957081543 0.9381974248927037 0.2573676680972818 0.9313304721030042 0.26766809728183116
1 0.3184549356223175 0.2848354792560801 0.3364806866952789 0.2836909871244635 0.3433476394849785 0.3088698140200286 0.4128755364806867 0.361516452074392 0.4274678111587982 0.5389127324749642 0.4248927038626609 0.6831187410586552 0.41888412017167376 0.6773962804005722 0.39484978540772536 0.5503576537911301 0.3871244635193133 0.5434907010014306 0.3879828326180257 0.5103004291845493 0.37253218884120165 0.5206008583690986 0.2781115879828326 0.5206008583690986 0.27210300429184553 0.5469241773962804 0.24806866952789702 0.5606580829756795 0.23004291845493563 0.5480686695278969 0.21974248927038625 0.4988555078683834 0.22660944206008585 0.4874105865522174 0.22403433476394852 0.36380543633762513 0.296137339055794 0.31344778254649497
1 0.4248927038626609 0.22417739628040056 0.40686695278969953 0.24477825464949926 0.3836909871244635 0.25278969957081543 0.359656652360515 0.3180257510729613 0.39227467811158795 0.33633762517882687 0.4145922746781116 0.36266094420600853 0.4248927038626609 0.43705293276108725 0.4703862660944205 0.4278969957081545 0.48412017167381977 0.3718168812589413 0.48497854077253216 0.3397711015736767 0.49871244635193124 0.3683834048640915 0.5210300429184549 0.32145922746781114 0.5098712446351931 0.26995708154506437 0.4772532188841201 0.24248927038626608 0.45665236051502145 0.2630901287553648 0.4463519313304721 0.271101573676681 0.4317596566523605 0.2585121602288984
1 0.5450643776824033 0.32603719599427755 0.5716738197424893 0.32374821173104434 0.5802575107296137 0.34320457796852644 0.6223175965665235 0.3763948497854077 0.6394849785407726 0.4084406294706724 0.6463519313304721 0.5148783977110157 0.6360515021459227 0.6384835479256079 0.6137339055793991 0.5618025751072961 0.6111587982832617 0.5206008583690986 0.6051502145922747 0.5160228898426323 0.5991416309012875 0.5297567954220315 0.5004291845493561 0.5331902718168813 0.48412017167381977 0.5457796852646638 0.4600858369098712 0.5354792560801145 0.448068669527897 0.519456366237482 0.4497854077253219 0.4874105865522174 0.4618025751072961 0.48969957081545057 0.4892703862660944 0.38097281831187413 0.5167381974248927 0.3523605150214592
1 0.7433476394849785 0.3283261802575107 0.7218884120171672 0.3546494992846924 0.7072961373390558 0.3603719599427754 0.6952789699570815 0.3798283261802575 0.6901287553648068 0.4862660944206008 0.6695278969957081 0.4839771101573676 0.6566523605150214 0.5217453505007152 0.6721030042918454 0.5309012875536481 0.6995708154506437 0.5297567954220315 0.7278969957081545 0.5148783977110157 0.7364806866952789 0.49656652360515025 0.7871244635193133 0.4977110157367668 0.7991416309012875 0.4874105865522174 0.7957081545064377 0.5160228898426323 0.8137339055793991 0.5629470672389127 0.823175965665236 0.5286123032904149 0.8214592274678112 0.40386266094420603 0.7948497854077253 0.3535050071530758 0.7716738197424893 0.32603719599427755
1 0.9098712446351931 0.2928469241773963 0.8935622317596567 0.31344778254649497 0.8858369098712446 0.3718168812589413 0.9107296137339056 0.3821173104434907 0.9184549356223176 0.36723891273247494 0.9399141630901288 0.36723891273247494 0.9424892703862661 0.3168812589413448 0.9339055793991415 0.2939914163090129
4 0.2600858369098712 0.5572246065808297 0.29184549356223183 0.5434907010014306 0.37596566523605146 0.5343347639484979 0.3879828326180257 0.5492131616595135 0.4343347639484979 0.734620886981402 0.4034334763948498 0.7472103004291846 0.40085836909871236 0.7643776824034335 0.35708154506437767 0.7723891273247497 0.2686695278969958 0.7792560801144492 0.21802575107296135 0.776967095851216 0.22660944206008585 0.6602288984263233 0.2437768240343348 0.5755364806866953
4 0.4927038626609442 0.5618025751072961 0.4583690987124463 0.7094420600858369 0.45665236051502145 0.7311874105865522 0.4746781115879828 0.7529327610872676 0.5330472103004291 0.7563662374821174 0.5811158798283261 0.7517882689556511 0.6472103004291845 0.720886981402003 0.6309012875536479 0.6213161659513591 0.6068669527896996 0.5434907010014306 0.5802575107296137 0.5515021459227467 0.5253218884120172 0.55379113018598 0.4952789699570815 0.5480686695278969
4 0.702145922746781 0.536623748211731 0.672961373390558 0.6876967095851215 0.6969957081545064 0.6957081545064377 0.7622317596566524 0.703719599427754 0.8094420600858369 0.6945636623748213 0.8377682403433475 0.6670958512160229 0.8257510729613734 0.6110157367668096 0.7931330472103003 0.5160228898426323 0.7648068669527897 0.5206008583690986 0.7321888412017168 0.5206008583690986
4 0.9021459227467811 0.3786838340486409 0.8832618025751071 0.43018597997138763 0.9012875536480686 0.4359084406294707 0.9356223175965666 0.43819742489270386 0.9527896995708154 0.43819742489270386 0.9399141630901288 0.3798283261802575 0.9218884120171674 0.3798283261802575
2 0.41974248927038627 0.43819742489270386 0.47296137339055794 0.4347639484978541 0.4618025751072961 0.4862660944206008 0.4420600858369098 0.48168812589413446 0.4343347639484979 0.4988555078683834 0.43948497854077256 0.5160228898426323 0.4592274678111588 0.5377682403433476 0.4884120171673819 0.5526466380543633 0.48154506437768235 0.5972818311874105 0.45665236051502145 0.7117310443490701 0.45236051502145913 0.6648068669527897 0.4454935622317596 0.6052932761087267 0.4403433476394849 0.5721030042918455 0.43776824034334766 0.6510729613733905 0.4403433476394849 0.6842632331902718 0.43862660944206006 0.7506437768240344 0.4506437768240343 0.7929899856938484 0.415450643776824 0.8021459227467811 0.40944206008583683 0.7506437768240344 0.4326180257510729 0.7357653791130186 0.42231759656652357 0.6876967095851215 0.4274678111587982 0.6625178826895565 0.4291845493562231 0.5297567954220315
3 0.4120171673819742 0.8067238912732475 0.41802575107296136 0.8387696709585122 0.4437768240343347 0.865092989985694 0.47124463519313303 0.8605150214592275 0.45236051502145913 0.8261802575107297 0.448068669527897 0.7952789699570816
3 0.45579399141630894 0.7826895565092991 0.45321888412017164 0.81931330472103 0.4755364806866952 0.8319027181688127 0.5021459227467812 0.8444921316165952 0.5158798283261803 0.8410586552217454 0.5098712446351931 0.81931330472103 0.4935622317596566 0.8044349070100143 0.48412017167381977 0.7735336194563662 0.4609442060085837 0.7735336194563662
3 0.6875536480686695 0.9349070100143062 0.6832618025751073 0.9040057224606581 0.6995708154506437 0.8891273247496424 0.7201716738197425 0.8959942775393419 0.7313304721030043 0.9154506437768241 0.728755364806867 0.9452074391988555 0.7467811158798282 0.9532188841201717 0.767381974248927 0.9394849785407726 0.7725321888412017 0.9738197424892704 0.7665236051502146 0.9841201716738198 0.7244635193133047 0.9738197424892704 0.702145922746781 0.961230329041488
3 0.5270386266094421 0.9818311874105866 0.5098712446351931 0.9452074391988555 0.4858369098712446 0.955507868383405 0.4763948497854077 0.9841201716738198 0.48068669527896996 0.9967095851216023 0.5296137339055793 0.9955650929899857
3 0.7836909871244635 0.9371959942775394 0.7888412017167382 0.9589413447782548 0.7819742489270386 0.9726752503576539 0.7751072961373391 0.9715307582260372 0.767381974248927 0.9429184549356223 0.7296137339055794 0.913161659513591 0.7175965665236052 0.8982832618025751 0.7201716738197425 0.8799713876967097 0.7278969957081545 0.8731044349070102 0.7630901287553647 0.9303290414878399
3 0.9098712446351931 0.5492131616595135 0.9150214592274678 0.5412017167381974 0.9287553648068669 0.5480686695278969 0.9304721030042917 0.55379113018598 0.9253218884120172 0.5549356223175966 0.9167381974248926 0.5583690987124463
3 0.9261802575107294 0.5389127324749642 0.934763948497854 0.5331902718168813 0.9399141630901288 0.5480686695278969 0.9373390557939912 0.5515021459227467
