5 0.2793296089385474 0.33171535854931766 0.25139664804469264 0.31683304331898526 0.2100558659217877 0.32370180419452327 0.19329608938547482 0.3683487498855207 0.20223463687150836 0.39009982599139115 0.20446927374301674 0.4210092499313124 0.24357541899441337 0.4301675977653631 0.2748603351955307 0.41070610861800533 0.2849162011173184 0.37063833684403336
5 0.38100558659217876 0.2744756845865006 0.353072625698324 0.2916475867753457 0.34748603351955304 0.3500320542174192 0.36201117318435744 0.372927923802546 0.38770949720670395 0.39467899990841654 0.4067039106145251 0.3809414781573404 0.43128491620111725 0.3672039564062643 0.4424581005586592 0.3374393259455994 0.4268156424581005 0.2905027932960894 0.40111731843575416 0.2767652715450133
5 0.5083798882681564 0.289357999816833 0.5363128491620112 0.2836340324205513 0.5608938547486034 0.3053851085264218 0.5731843575418993 0.3362945324663431 0.5731843575418993 0.36605916292700796 0.5620111731843574 0.38208627163659675 0.5463687150837988 0.40154776078395454 0.51731843575419 0.41528528253503066 0.4927374301675978 0.4004029673046982 0.47821229050279324 0.37407271728180236 0.46815642458100554 0.3431632933418811 0.47821229050279324 0.31797783679824154 0.48156424581005586 0.2996611411301401
5 0.6815642458100558 0.40154776078395454 0.6625698324022347 0.41070610861800533 0.6558659217877095 0.4461947064749519 0.6614525139664804 0.47366974997710415 0.664804469273743 0.4988552065207436 0.6737430167597765 0.5137375217510761 0.6949720670391062 0.5160271087095888 0.7195530726256982 0.5022895869585127 0.7307262569832401 0.49656561956223094 0.7329608938547485 0.45649784778825897 0.7296089385474859 0.4255884238483377 0.7162011173184357 0.41070610861800533 0.700558659217877 0.3992581738254419
5 0.8391061452513966 0.3374393259455994 0.8156424581005586 0.3500320542174192 0.7977653631284916 0.36605916292700796 0.7944134078212289 0.3878102390328785 0.7977653631284916 0.4221540434105687 0.7977653631284916 0.4427603260371829 0.8145251396648043 0.4542082608297463 0.8480446927374301 0.44962908691272097 0.8703910614525139 0.4347467716823885 0.88268156424581 0.4049821412217236 0.8905027932960893 0.3809414781573404 0.8804469273743016 0.35690081509295724 0.8614525139664804 0.3351497389870867
1 0.2055865921787709 0.4221540434105687 0.23798882681564243 0.4679457825808224 0.25027932960893856 0.4507738803919773 0.2581005586592178 0.4244436303690814 0.2994413407821228 0.4404707390786702 0.3128491620111732 0.47710413041487315 0.31061452513966475 0.5011447934792563 0.3251396648044692 0.5423573587324847 0.3139664804469274 0.6099001740086089 0.31843575418994413 0.7060628262661416 0.2994413407821228 0.7083524132246543 0.29050279329608936 0.6453887718655554 0.2748603351955307 0.6442439783862991 0.2748603351955307 0.6797325762432458 0.1608938547486033 0.6797325762432458 0.1541899441340782 0.6076105870500962 0.15865921787709494 0.5892938913819946 0.11173184357541896 0.583569923985713 0.12178770949720666 0.45764264126751536 0.14860335195530724 0.4450499129956956 0.16871508379888264 0.4507738803919773 0.1921787709497206 0.43932594559941385 0.19441340782122904 0.4255884238483377
1 0.3664804469273743 0.38208627163659675 0.35195530726256974 0.39009982599139115 0.32737430167597764 0.39009982599139115 0.2860335195530726 0.4347467716823885 0.30055865921787706 0.4427603260371829 0.3139664804469274 0.4748145434563604 0.31061452513966475 0.5011447934792563 0.3240223463687151 0.5412125652532283 0.31731843575418994 0.6133345544463779 0.3251396648044692 0.7232347284549866 0.35418994413407817 0.7335378697682938 0.3966480446927374 0.7369722502060628 0.4167597765363128 0.724379521934243 0.41787709497206704 0.6751534023262203 0.423463687150838 0.6396648044692738 0.4033519553072626 0.5915834783405074 0.39441340782122897 0.5297646304606648 0.41452513966480437 0.45535305430900264 0.4446927374301676 0.4210092499313124 0.48156424581005586 0.412995695576518 0.4446927374301676 0.39009982599139115 0.41899441340782123 0.4049821412217236 0.3966480446927374 0.412995695576518 0.3731843575418994 0.4084165216594926
1 0.4860335195530726 0.412995695576518 0.4435754189944134 0.4221540434105687 0.41452513966480437 0.45649784778825897 0.39999999999999997 0.5274750435021522 0.4055865921787709 0.5892938913819946 0.42793296089385474 0.6419543914277864 0.4223463687150838 0.6785877827639893 0.4446927374301676 0.7049180327868853 0.5162011173184358 0.7152211741001924 0.5195530726256982 0.6820221632017583 0.5351955307262569 0.6648502610129132 0.5675977653631284 0.6854565436395275 0.5865921787709497 0.674008608846964 0.6100558659217877 0.6957596849528346 0.6435754189944134 0.6430991849070428 0.6569832402234635 0.5778459565894312 0.63463687150838 0.43589156516164485 0.6100558659217877 0.4187196629727997 0.5821229050279331 0.43131239124461945 0.5508379888268157 0.40612693470097994 0.5586592178770949 0.45191867387123363 0.5463687150837988 0.45764264126751536 0.5027932960893855 0.44962908691272097 0.49832402234636863 0.43589156516164485
1 0.6569832402234635 0.5103031413133071 0.6849162011173184 0.5400677717739719 0.724022346368715 0.5160271087095888 0.7307262569832401 0.5045791739170253 0.7474860335195531 0.5217510761058705 0.7664804469273743 0.6785877827639893 0.7541899441340781 0.8022254785236743 0.7296089385474859 0.7919223372103673 0.7251396648044692 0.7484201849986263 0.7128491620111731 0.7461305980401135 0.6793296089385474 0.8869401959886436 0.6156424581005585 0.8651891198827731 0.6424581005586593 0.7186555545379613 0.6402234636871508 0.6866013371187837 0.6491620111731843 0.6293616631559666 0.6614525139664804 0.5778459565894312
1 0.8793296089385474 0.44962908691272097 0.8536312849162009 0.48053851085264215 0.8145251396648043 0.49771041304148733 0.801117318435754 0.48855206520743655 0.8055865921787708 0.44962908691272097 0.7765363128491619 0.46107702170528436 0.7530726256983239 0.5160271087095888 0.7620111731843574 0.663705467533657 0.824581005586592 0.6602710870958879 0.889385474860335 0.6648502610129132 0.9351955307262569 0.6511127392618372 0.9195530726256982 0.5973074457367891 0.9798882681564244 0.6018866196538144 0.9318435754189943 0.4748145434563604 0.8905027932960893 0.4542082608297463
4 0.9318435754189943 0.6579815001373752 0.8882681564245809 0.6659950544921696 0.8279329608938547 0.6602710870958879 0.7698324022346367 0.6659950544921696 0.7564245810055865 0.8880849894678999 0.8167597765363127 0.9064016851360014 0.8458100558659216 0.7736056415422657 0.8681564245810055 0.7781848154592911 0.8636871508379889 0.811383826357725 0.9743016759776535 0.8422932502976462 0.983240223463687 0.7999358915651616 0.9865921787709496 0.7999358915651616 0.9664804469273742 0.73468266324755 0.9653631284916201 0.6762981958054767 0.9508379888268155 0.7564337393534206 0.953072625698324 0.7839087828555729 0.9296089385474858 0.8182525872332631 0.9217877094972066 0.797646304606649 0.9150837988826815 0.7987910980859052 0.9094972067039104 0.7701712611044967
6 0.9262569832402234 0.6099001740086089 0.9720670391061451 0.6076105870500962 0.9497206703910612 0.754144152394908 0.9508379888268155 0.7861983698140855 0.9296089385474858 0.814818206795494 0.9262569832402234 0.8033702720029307 0.9139664804469273 0.7999358915651616 0.907262569832402 0.7644472937082151 0.9351955307262569 0.6545471196996061
6 0.7072625698324023 0.6785877827639893 0.6692737430167597 0.667139847971426 0.6167597765363128 0.6316512501144793 0.6011173184357542 0.6316512501144793 0.5910614525139665 0.6362304240315048 0.5888268156424581 0.6430991849070428 0.5921787709497207 0.6522575327410935 0.6022346368715085 0.663705467533657 0.641340782122905 0.6877461305980401 0.6804469273743016 0.7049180327868853 0.71731843575419 0.7106420001831669
6 0.11396648044692734 0.5881490979027384 0.15307262569832397 0.5950178587782764 0.15754189944134078 0.680877369722502 0.1653631284916201 0.7404066306438318 0.13854748603351955 0.7518545654363953 0.13184357541899436 0.6797325762432458 0.13184357541899436 0.6568367066581189 0.11843575418994408 0.6534023262203498
6 0.5195530726256982 0.7003388588698599 0.5407821229050278 0.7392618371645756 0.5541899441340782 0.7369722502060628 0.5452513966480447 0.7072076197453978 0.5519553072625697 0.7026284458283725 0.5642458100558658 0.6911805110358091 0.5396648044692738 0.6682846414506823 0.5206703910614524 0.6785877827639893
6 0.5653631284916201 0.6854565436395275 0.5843575418994412 0.6762981958054767 0.6067039106145251 0.6969044784320908 0.5888268156424581 0.7220899349757304 0.5743016759776536 0.7323930762890375 0.5541899441340782 0.7278139023720122 0.5508379888268157 0.7049180327868853
