5 0.4184761904761905 0.20285714285714282 0.4535238095238095 0.18914285714285714 0.49466666666666664 0.1982857142857143 0.5175238095238095 0.21314285714285713 0.484 0.228 0.49466666666666664 0.2565714285714286 0.5312380952380953 0.27371428571428574 0.45961904761904754 0.30342857142857144 0.4337142857142858 0.2885714285714286 0.4184761904761905 0.2622857142857143 0.41390476190476194 0.22685714285714284 0.4108571428571428 0.21314285714285713
5 0.22647619047619053 0.276 0.29352380952380946 0.2817142857142857 0.33009523809523805 0.28628571428571425 0.32857142857142857 0.3102857142857143 0.29352380952380946 0.34 0.2295238095238095 0.34 0.2188571428571428 0.31142857142857144
5 0.8268571428571428 0.3697142857142857 0.8634285714285715 0.3902857142857143 0.8801904761904762 0.40057142857142863 0.8619047619047617 0.4165714285714286 0.8466666666666667 0.4245714285714286 0.8207619047619049 0.4165714285714286
0 0.4108571428571428 0.20057142857142857 0.45809523809523806 0.1834285714285714 0.4961904761904761 0.1982857142857143 0.5297142857142858 0.2154285714285714 0.48552380952380947 0.23257142857142857 0.509904761904762 0.2691428571428572 0.5388571428571428 0.2702857142857143 0.6272380952380952 0.24285714285714283 0.640952380952381 0.17657142857142855 0.5830476190476191 0.10114285714285715 0.47790476190476194 0.07942857142857143 0.40019047619047615 0.09085714285714286 0.356 0.124 0.3620952380952381 0.1834285714285714
0 0.22647619047619053 0.268 0.23561904761904756 0.22342857142857142 0.27980952380952384 0.20514285714285713 0.3224761904761905 0.22457142857142856 0.34380952380952384 0.27257142857142863 0.34380952380952384 0.2897142857142857 0.3011428571428572 0.27371428571428574 0.2539047619047619 0.27371428571428574
0 0.8299047619047618 0.36628571428571427 0.8573333333333333 0.3514285714285714 0.8878095238095238 0.34914285714285714 0.9121904761904761 0.364 0.9015238095238095 0.4154285714285714
1 0.46266666666666667 0.2977142857142857 0.5068571428571428 0.3308571428571429 0.5678095238095239 0.3125714285714286 0.5891428571428572 0.2645714285714286 0.6379047619047618 0.29085714285714287 0.7293333333333333 0.308 0.871047619047619 0.47828571428571426 0.8939047619047618 0.5 0.8558095238095238 0.5845714285714285 0.7582857142857143 0.7057142857142857 0.6668571428571428 0.6634285714285715 0.743047619047619 0.5525714285714286 0.7019047619047618 0.6108571428571429 0.5982857142857144 0.644 0.47333333333333333 0.6462857142857144 0.4382857142857142 0.6177142857142858 0.5571428571428572 0.6257142857142858 0.5617142857142858 0.604 0.41390476190476194 0.5754285714285714 0.3697142857142858 0.562857142857143 0.3605714285714286 0.5365714285714286 0.3179047619047619 0.5205714285714286 0.3011428571428572 0.4885714285714286 0.24323809523809525 0.4817142857142857 0.2630476190476191 0.4462857142857143 0.3377142857142858 0.3697142857142857 0.38038095238095243 0.32742857142857146
1 0.228 0.3514285714285714 0.17771428571428577 0.3777142857142857 0.14876190476190473 0.4508571428571429 0.23714285714285718 0.44971428571428573 0.2630476190476191 0.4451428571428572 0.3224761904761905 0.38 0.37580952380952387 0.3388571428571429 0.3255238095238095 0.32971428571428574 0.3194285714285714 0.3205714285714286 0.2950476190476191 0.34 0.23714285714285718 0.3422857142857143
5 0.12742857142857142 0.3765714285714286 0.1 0.3948571428571429 0.08171428571428578 0.3845714285714286 0.08323809523809526 0.36628571428571427 0.14114285714285718 0.34914285714285714
1 0.08019047619047615 0.3971428571428572 0.09695238095238089 0.40628571428571425 0.12285714285714282 0.3822857142857143 0.1548571428571428 0.3948571428571429 0.14266666666666666 0.44742857142857145 0.05276190476190474 0.43714285714285717
1 0.9152380952380951 0.4405714285714286 0.8954285714285716 0.476 0.8542857142857144 0.5982857142857143 0.9289523809523811 0.604 0.9670476190476189 0.5 0.9973333333333333 0.5215785714285716 0.9973333333333333 0.35942857142857143 0.992952380952381 0.36628571428571427 0.9624761904761905 0.3525714285714286 0.9548571428571428 0.3411428571428572 0.9472380952380951 0.34342857142857147
2 0.47333333333333333 0.6611428571428571 0.6622857142857144 0.6542857142857144 0.5845714285714286 0.6817142857142858 0.5662857142857142 0.7011428571428571 0.5571428571428572 0.7228571428571429 0.5723809523809524 0.7491428571428571 0.5998095238095239 0.7662857142857143 0.6424761904761905 0.764 0.7247619047619049 0.7045714285714285 0.7171428571428572 0.78 0.6866666666666666 0.9011428571428571 0.7217142857142856 0.996 0.615047619047619 0.996 0.6043809523809522 0.916 0.5236190476190475 0.7662857142857143 0.5129523809523809 0.6931428571428571
