5 0.46266666666666667 0.24857142857142855 0.4489523809523809 0.31142857142857144 0.4702857142857142 0.39942857142857147 0.5205714285714286 0.39942857142857147 0.5769523809523809 0.4451428571428572 0.6668571428571428 0.4257142857142857 0.7186666666666667 0.3845714285714286 0.7064761904761905 0.3125714285714286 0.6333333333333333 0.22114285714285714 0.5647619047619047 0.19942857142857143 0.5266666666666666 0.21085714285714283 0.4809523809523809 0.22
5 0.324 0.17428571428571427 0.24933333333333332 0.1857142857142857 0.20971428571428577 0.24514285714285713 0.19142857142857142 0.3102857142857143 0.20209523809523808 0.36514285714285716 0.2630476190476191 0.3891428571428572 0.33619047619047615 0.41428571428571426 0.39866666666666667 0.4028571428571429 0.44133333333333336 0.3708571428571429 0.4474285714285714 0.3205714285714286 0.44285714285714284 0.268 0.40476190476190477 0.20057142857142857 0.3590476190476191 0.17657142857142855
5 0.032952380952380886 0.45657142857142863 0.016190476190476148 0.49542857142857144 0.0 0.5057032967032967 0.0009523809523808874 0.452
1 0.21580952380952384 0.412 0.12438095238095244 0.42914285714285716 0.03142857142857141 0.516 0.20361904761904756 0.5777142857142857 0.2005714285714286 0.6771428571428572 0.08933333333333333 0.6794285714285715 0.07714285714285718 0.6862857142857144 0.05580952380952385 0.772 0.008571428571428593 0.8554285714285714 0.007047619047619112 0.8965714285714286 0.07104761904761911 0.9297142857142858 0.17466666666666666 0.94 0.3011428571428572 0.932 0.39257142857142857 0.8794285714285714 0.4032380952380953 0.8302857142857143 0.3834285714285714 0.7434285714285714 0.37123809523809526 0.7251428571428571 0.40780952380952384 0.644 0.42761904761904757 0.5525714285714286 0.4184761904761905 0.5057142857142857 0.39866666666666667 0.46 0.3590476190476191 0.5022857142857142 0.30723809523809525 0.5034285714285714 0.2584761904761905 0.4531428571428572
1 0.7384761904761905 0.4451428571428572 0.6958095238095239 0.48514285714285715 0.6592380952380951 0.5411428571428571 0.608952380952381 0.5171428571428571 0.5708571428571428 0.4828571428571429 0.5540952380952381 0.5262857142857144 0.5297142857142858 0.6142857142857143 0.5358095238095238 0.6462857142857144 0.5007619047619047 0.676 0.4794285714285714 0.6771428571428572 0.47180952380952385 0.7182857142857143 0.49161904761904757 0.7537142857142858 0.43523809523809526 0.8462857142857143 0.5022857142857142 0.8931428571428571 0.5891428571428572 0.9022857142857144 0.6912380952380951 0.9388571428571428 0.7765714285714285 0.9125714285714286 0.775047619047619 0.8497142857142858 0.7796190476190477 0.7914285714285715 0.7963809523809523 0.812 0.8344761904761905 0.8165714285714285 0.8497142857142856 0.78 0.9045714285714285 0.7285714285714285 0.8954285714285716 0.6622857142857144 0.8725714285714284 0.6222857142857143 0.8085714285714285 0.5891428571428571 0.7476190476190477 0.5662857142857143 0.7262857142857144 0.5342857142857144 0.7323809523809522 0.4817142857142857 0.7659047619047618 0.4508571428571429 0.7704761904761905 0.44742857142857145 0.7613333333333333 0.4417142857142857
1 0.0024761904761905194 0.5045714285714286 0.023809523809523853 0.5114285714285715 0.04971428571428578 0.5354285714285715 0.03447619047619052 0.5537142857142858 0.00552380952380948 0.5548571428571429
6 0.04971428571428578 0.5228571428571429 0.07409523809523808 0.6577142857142858 0.12590476190476194 0.7502857142857143 0.15638095238095245 0.7582857142857143 0.21580952380952384 0.7365714285714285 0.33009523809523805 0.6782857142857144 0.40476190476190477 0.6371428571428571 0.48552380952380947 0.6211428571428571 0.5114285714285715 0.6074285714285714 0.509904761904762 0.5857142857142857 0.509904761904762 0.5571428571428572 0.4611428571428572 0.5502857142857144 0.4108571428571428 0.5582857142857144 0.3895238095238095 0.588 0.3529523809523809 0.6074285714285714 0.3011428571428572 0.6417142857142858 0.1990476190476191 0.6714285714285715 0.2005714285714286 0.5811428571428571
6 0.452 0.6908571428571428 0.4032380952380953 0.8405714285714285 0.40019047619047615 0.9125714285714286 0.4489523809523809 0.9937142857142858 0.509904761904762 0.9937142857142858 0.4672380952380953 0.9788571428571429 0.4474285714285714 0.9274285714285715 0.4748571428571428 0.9697142857142858 0.48552380952380947 0.9708571428571429 0.4870476190476191 0.9594285714285714 0.4565714285714286 0.8897142857142858 0.4337142857142858 0.8691428571428571 0.4398095238095239 0.8222857142857143 0.4870476190476191 0.7388571428571429 0.47333333333333333 0.7102857142857143 0.47790476190476194 0.6714285714285715
6 0.40019047619047615 0.6565714285714286 0.4260952380952381 0.6348571428571429 0.5144761904761905 0.6142857142857143 0.5297142857142858 0.6314285714285715 0.5175238095238095 0.6554285714285715 0.4657142857142858 0.6805714285714286 0.43523809523809526 0.7148571428571429 0.38647619047619053 0.732 0.36666666666666664 0.7297142857142858
6 0.5281904761904761 0.6028571428571429 0.5129523809523809 0.5845714285714285 0.5388571428571428 0.5857142857142857 0.5586666666666666 0.5891428571428571 0.5586666666666666 0.5822857142857143 0.5297142857142858 0.5754285714285714 0.5068571428571428 0.5697142857142857 0.4977142857142858 0.5537142857142858 0.48552380952380947 0.548 0.49161904761904757 0.5274285714285715 0.5190476190476191 0.5251428571428571 0.5693333333333334 0.532 0.6272380952380952 0.5514285714285715 0.6226666666666667 0.6108571428571429 0.7339047619047617 0.6668571428571429 0.7902857142857144 0.6805714285714286 0.7582857142857143 0.572 0.7339047619047617 0.5331428571428571 0.7460952380952383 0.4611428571428572 0.7872380952380951 0.4542857142857143 0.8253333333333334 0.4828571428571429 0.8619047619047617 0.5971428571428571 0.8939047619047618 0.7125714285714285 0.8588571428571428 0.7708571428571429 0.7918095238095239 0.7742857142857144 0.6805714285714285 0.7102857142857143 0.5906666666666667 0.6417142857142858 0.5830476190476191 0.6394285714285715 0.58 0.6108571428571429 0.5434285714285714 0.6028571428571429
2 0.4398095238095239 0.8554285714285714 0.5266666666666666 0.9022857142857144 0.6866666666666666 0.9388571428571428 0.7765714285714285 0.9137142857142858 0.7856833976833976 0.998 0.5373333333333333 0.9937142857142858 0.4961904761904761 0.9822857142857143 0.4885714285714286 0.9571428571428571 0.4535238095238095 0.884 0.4321904761904761 0.8668571428571429
2 0.008571428571428593 0.8817142857142858 0.0024761904761905194 0.8931428571428571 0.0024761904761905194 0.996 0.17314285714285346 0.998 0.20819047619047615 0.9902857142857143 0.20819047619047615 0.9971428571428571 0.38038095238095243 0.996 0.40780952380952384 0.9251428571428572 0.3895238095238095 0.8897142857142858 0.32857142857142857 0.9217142857142858 0.27676190476190476 0.9388571428571428 0.17009523809523808 0.9377142857142858 0.10761904761904756 0.9342857142857144 0.08171428571428578 0.9297142857142858
