5 0.17253218884120172 0.20815450643776823 0.15021459227467812 0.2390557939914163 0.1570815450643777 0.2619456366237482 0.14592274678111591 0.27911301859799714 0.15193133047210303 0.29055793991416307 0.17424892703862663 0.28025751072961375 0.19914163090128756 0.2848354792560801 0.20944206008583688 0.2722460658082975 0.21115879828326178 0.24363376251788266 0.2017167381974249 0.2150214592274678
5 0.4386266094420601 0.13948497854077252 0.41630901287553645 0.14635193133047208 0.41201716738197425 0.1669527896995708 0.4103004291845494 0.211587982832618 0.4266094420600859 0.2344778254649499 0.46180257510729616 0.2379113018597997 0.47811158798283265 0.20243204577968527 0.4678111587982832 0.15092989985693847
5 0.6154506437768241 0.19556509298998567 0.6017167381974248 0.20472103004291844 0.5948497854077253 0.24134477825464948 0.5965665236051503 0.2619456366237482 0.6120171673819743 0.271101573676681 0.632618025751073 0.2630901287553648 0.6446351931330471 0.24020028612303287 0.6420600858369098 0.19899856938483546
5 0.8 0.20929899856938483 0.7862660944206009 0.22532188841201714 0.7768240343347639 0.2642346208869814 0.7845493562231759 0.2848354792560801 0.8145922746781116 0.26652360515021456 0.8317596566523605 0.2836909871244635 0.8128755364806866 0.21273247496423459
0 0.8884120171673819 0.2814020028612303 0.8755364806866953 0.3111587982832618 0.8892703862660944 0.30200286123032904 0.9072961373390558 0.3168812589413448 0.9115879828326181 0.31230329041487837 0.903862660944206 0.29971387696709584
5 0.8918454935622318 0.30200286123032904 0.8789699570815451 0.3100143061516452 0.8849785407725321 0.33290414878397706 0.8995708154506438 0.3317596566523605 0.9055793991416308 0.3157367668097282
5 0.5579399141630902 0.24706723891273247 0.5313304721030042 0.26766809728183116 0.527038626609442 0.2939914163090129 0.5459227467811159 0.3054363376251788 0.567381974248927 0.2951359084406295 0.5725321888412018 0.27796852646638054
5 0.38454935622317593 0.22875536480686692 0.39999999999999997 0.22646638054363374 0.4085836909871245 0.2505007153075823 0.3914163090128755 0.2814020028612303 0.37081545064377686 0.27911301859799714 0.37081545064377686 0.24134477825464948
5 0.248068669527897 0.44048640915593706 0.2583690987124464 0.4484978540772532 0.2506437768240343 0.4656652360515022 0.24120171673819743 0.4679542203147353 0.23948497854077255 0.451931330472103
5 0.5957081545064378 0.44048640915593706 0.5914163090128755 0.4484978540772532 0.5931330472103005 0.4656652360515022 0.598283261802575 0.4668097281831188 0.6025751072961373 0.45422031473533614
1 0.17339055793991417 0.27567954220314733 0.14420600858369095 0.3054363376251788 0.1407725321888412 0.39928469241773956 0.20429184549356222 0.4118741058655222 0.21888412017167383 0.3443490701001431 0.24549356223175967 0.34892703862660945 0.2686695278969957 0.32374821173104434 0.27725321888412013 0.28941344778254646 0.26180257510729615 0.2814020028612303 0.248068669527897 0.3088698140200286 0.22489270386266094 0.32031473533619453 0.19742489270386268 0.28941344778254646
1 0.4274678111587983 0.2310443490701001 0.4034334763948497 0.2573676680972818 0.3939914163090129 0.2848354792560801 0.36566523605150214 0.43247496423462084 0.3802575107296137 0.451931330472103 0.4180257510729613 0.36609442060085834 0.44463519313304717 0.3844062947067239 0.47467811158798284 0.3844062947067239 0.47811158798283265 0.3695278969957081 0.46866952789699573 0.32603719599427755 0.47896995708154505 0.27567954220314733 0.46180257510729616 0.2390557939914163
1 0.367381974248927 0.27796852646638054 0.3424892703862661 0.3763948497854077 0.34763948497854075 0.38898426323319024 0.3690987124463519 0.40271816881258937 0.39742489270386266 0.2814020028612303
1 0.2540772532188841 0.4668097281831188 0.26609442060085836 0.4725321888412017 0.26437768240343346 0.5080114449213161 0.2386266094420601 0.49542203147353364 0.22660944206008582 0.46909871244635193 0.23261802575107293 0.4656652360515022 0.24206008583690988 0.4736766809728183
1 0.5862660944206008 0.45650929899856935 0.5682403433476395 0.488555078683834 0.5793991416309013 0.4977110157367668 0.5931330472103005 0.5160228898426323 0.6 0.4736766809728183
1 0.5433476394849786 0.3111587982832618 0.5304721030042917 0.3306151645207439 0.5304721030042917 0.39241773962804005 0.5639484978540772 0.40500715307582263 0.5819742489270386 0.36609442060085834 0.5896995708154507 0.34663805436337625 0.5811158798283261 0.32031473533619453
1 0.6180257510729614 0.26995708154506437 0.6008583690987125 0.28025751072961375 0.598283261802575 0.3111587982832618 0.5854077253218883 0.3271816881258941 0.5905579399141632 0.3443490701001431 0.592274678111588 0.3821173104434907 0.6077253218884121 0.3935622317596566 0.6351931330472103 0.3763948497854077 0.6386266094420601 0.44620886981402 0.6515021459227469 0.44735336194563663 0.6523605150214592 0.3386266094420601 0.6566523605150214 0.3168812589413448 0.632618025751073 0.26652360515021456
1 0.7871244635193134 0.2848354792560801 0.7708154506437768 0.3054363376251788 0.7648068669527898 0.3294706723891273 0.7296137339055795 0.32031473533619453 0.7253218884120172 0.3397711015736767 0.7476394849785408 0.36494992846924174 0.7622317596566522 0.36494992846924174 0.7519313304721029 0.39012875536480685 0.7570815450643776 0.41416309012875535 0.7854077253218884 0.3947067238912732 0.8051502145922745 0.36723891273247494 0.8257510729613734 0.34892703862660945 0.8206008583690987 0.2928469241773963 0.8103004291845494 0.27796852646638054
1 0.8875536480686694 0.3374821173104435 0.8626609442060085 0.35007153075822606 0.8609442060085837 0.409585121602289 0.8815450643776823 0.43819742489270386 0.8927038626609441 0.41530758226037195 0.9090128755364806 0.4427753934191702 0.9313304721030042 0.43018597997138763 0.9424892703862661 0.398140200286123 0.9296137339055794 0.34778254649499285 0.9072961373390558 0.33633762517882687
2 0.1450643776824034 0.40042918454935617 0.20257510729613734 0.41416309012875535 0.2 0.46909871244635193 0.21287553648068672 0.6018597997138769 0.1854077253218884 0.6041487839771101 0.18626609442060083 0.5686695278969957 0.17339055793991417 0.6064377682403433 0.16051502145922744 0.6110157367668096 0.14420600858369095 0.6087267525035764 0.1390557939914163 0.5228898426323318 0.12446351931330471 0.4668097281831188 0.13648068669527896 0.40157367668097277
2 0.34420600858369094 0.3947067238912732 0.336480686695279 0.44048640915593706 0.34763948497854075 0.4851216022889842 0.35450643776824037 0.5755364806866953 0.39055793991416304 0.5801144492131616 0.39999999999999997 0.5572246065808297 0.40429184549356223 0.47825464949928465 0.39484978540772536 0.43018597997138763 0.3776824034334764 0.451931330472103 0.3802575107296137 0.4931330472103004 0.3648068669527897 0.4977110157367668 0.35278969957081546 0.45765379113018595 0.36394849785407724 0.43018597997138763 0.36652360515021454 0.40615164520743924
2 0.4394849785407725 0.38783977110157364 0.41545064377682406 0.4210300429184549 0.41459227467811155 0.47939914163090125 0.40429184549356223 0.4908440629470672 0.39742489270386266 0.5869814020028612 0.4025751072961373 0.6190271816881259 0.43004291845493564 0.6018597997138769 0.4351931330472103 0.55379113018598 0.4523605150214592 0.6396280400572245 0.47982832618025756 0.6144492131616596 0.4841201716738197 0.5434907010014306 0.48669527896995707 0.4610872675250357 0.47982832618025756 0.3935622317596566 0.47639484978540775 0.38783977110157364
2 0.5296137339055794 0.3969957081545064 0.5201716738197424 0.41301859799713875 0.5227467811158799 0.5503576537911301 0.5467811158798284 0.5560801144492131 0.5639484978540772 0.4530758226037196 0.569098712446352 0.40615164520743924
2 0.6343347639484977 0.3969957081545064 0.6163090128755364 0.43018597997138763 0.6300429184549358 0.4759656652360515 0.6197424892703861 0.48969957081545057 0.6077253218884121 0.45879828326180255 0.6034334763948498 0.578969957081545 0.6111587982832618 0.5869814020028612 0.6618025751072962 0.5732474964234621 0.6566523605150214 0.542346208869814 0.6497854077253219 0.4874105865522174 0.6394849785407726 0.4839771101573676 0.6394849785407726 0.451931330472103
2 0.7854077253218884 0.4359084406294707 0.7785407725321888 0.5354792560801145 0.7888412017167382 0.55379113018598 0.8188841201716739 0.536623748211731 0.8343347639484978 0.4256080114449213 0.823175965665236 0.4210300429184549 0.8017167381974247 0.43018597997138763 0.7896995708154507 0.46909871244635193
2 0.8721030042918455 0.44048640915593706 0.8781115879828326 0.5286123032904149 0.8927038626609441 0.5320457796852647 0.896137339055794 0.5045779685264664 0.9047210300429185 0.5309012875536481 0.9218884120171674 0.5331902718168813 0.9278969957081544 0.4359084406294707 0.9107296137339056 0.4439198855507868 0.8952789699570814 0.4198855507868383 0.8841201716738196 0.44163090128755367
3 0.13819742489270384 0.609871244635193 0.12446351931330471 0.720886981402003 0.12274678111587983 0.7414878397711017 0.18025751072961374 0.7414878397711017 0.16223175965665235 0.7277539341917025 0.15193133047210303 0.6934191702432047 0.1716738197424893 0.6236051502145923 0.17253218884120172 0.6121602288984263
3 0.1854077253218884 0.609871244635193 0.16652360515021455 0.6819742489270386 0.16051502145922744 0.7094420600858369 0.17510729613733905 0.7380543633762517 0.20858369098712445 0.7391988555078685 0.20858369098712445 0.7243204577968527 0.19141630901287557 0.7071530758226037 0.18798283261802573 0.6911301859799714 0.19914163090128756 0.6934191702432047 0.19055793991416312 0.6739628040057225 0.20515021459227467 0.6487839771101573 0.21716738197424895 0.6064377682403433 0.1939914163090129 0.6041487839771101
3 0.35708154506437767 0.5858369098712446 0.35278969957081546 0.6819742489270386 0.35536480686695276 0.6991416309012877 0.4034334763948497 0.6968526466380545 0.3811158798283262 0.6854077253218884 0.38197424892703863 0.6419170243204577 0.3888412017167382 0.5846924177396281
3 0.39227467811158795 0.5858369098712446 0.39742489270386266 0.6087267525035764 0.39227467811158795 0.6625178826895565 0.4094420600858369 0.686552217453505 0.39313304721030046 0.6842632331902718 0.38454935622317593 0.6773962804005722 0.38197424892703863 0.6453505007153076
3 0.40600858369098713 0.6236051502145923 0.4103004291845494 0.6510729613733905 0.42489270386266087 0.720886981402003 0.40429184549356223 0.7575107296137339 0.40515021459227474 0.7666666666666667 0.4660944206008583 0.7586552217453506 0.4566523605150215 0.7140200286123033 0.44892703862660943 0.6613733905579399 0.4351931330472103 0.6007153075822603
3 0.455793991416309 0.6407725321888411 0.46008583690987126 0.6968526466380545 0.455793991416309 0.7185979971387698 0.4652360515021459 0.7529327610872676 0.4909871244635193 0.763233190271817 0.48755364806866947 0.7197424892703863 0.48669527896995707 0.6133047210300429
3 0.5236051502145922 0.55379113018598 0.5253218884120172 0.6247496423462089 0.5193133047210301 0.644206008583691 0.5648068669527897 0.6476394849785407 0.5519313304721029 0.6373390557939914 0.5450643776824033 0.6201716738197425 0.5450643776824033 0.5812589413447782 0.5459227467811159 0.5515021459227467
3 0.5459227467811159 0.5526466380543633 0.5553648068669527 0.5629470672389127 0.5493562231759657 0.6121602288984263 0.5648068669527897 0.6350500715307582 0.5716738197424893 0.6350500715307582 0.5682403433476395 0.6453505007153076 0.5510729613733907 0.6373390557939914 0.5459227467811159 0.6236051502145923
3 0.6077253218884121 0.5869814020028612 0.6291845493562233 0.6705293276108726 0.6085836909871245 0.7048640915593706 0.6068669527896996 0.7082975679542204 0.6583690987124464 0.7071530758226037 0.6575107296137339 0.6796852646638054 0.6386266094420601 0.5824034334763948
3 0.6412017167381974 0.5778254649499284 0.6540772532188841 0.5755364806866953 0.6660944206008582 0.60758226037196 0.669527896995708 0.686552217453505 0.669527896995708 0.7025751072961374 0.6626609442060085 0.7071530758226037 0.6566523605150214 0.6728183118741058
3 0.7931330472103004 0.5549356223175966 0.7974248927038627 0.6201716738197425 0.7845493562231759 0.6533619456366238 0.7811158798283261 0.6682403433476395 0.8360515021459227 0.6613733905579399 0.8300429184549355 0.6304721030042918 0.8214592274678112 0.5343347639484979 0.8042918454935623 0.5492131616595135
3 0.8772532188841201 0.5354792560801145 0.8815450643776823 0.5755364806866953 0.869527896995708 0.5892703862660944 0.9072961373390558 0.5869814020028612 0.8935622317596567 0.5320457796852647
3 0.9047210300429185 0.5389127324749642 0.9072961373390558 0.5858369098712446 0.9227467811158799 0.5846924177396281 0.9201716738197424 0.5377682403433476
2 0.23261802575107293 0.49542203147353364 0.26351931330472106 0.5114449213161659 0.2429184549356223 0.5331902718168813 0.24206008583690988 0.5595135908440629 0.22489270386266094 0.5618025751072961 0.22660944206008582 0.5377682403433476 0.21888412017167383 0.5320457796852647
2 0.5648068669527897 0.49427753934191704 0.5502145922746782 0.5480686695278969 0.5605150214592275 0.5549356223175966 0.575107296137339 0.5492131616595135 0.5905579399141632 0.5114449213161659
2 0.3407725321888412 0.49427753934191704 0.32875536480686696 0.5057224606580829 0.3004291845493562 0.5526466380543633 0.3098712446351931 0.5503576537911301 0.3253218884120172 0.5286123032904149 0.3244635193133047 0.565236051502146 0.3390557939914163 0.5606580829756795 0.34163090128755363 0.5274678111587983 0.34849785407725326 0.5228898426323318
