5 0.4958015267175573 0.16631622251679848 0.5248091603053435 0.1708872331672533 0.5438931297709924 0.20974082369611924 0.5461832061068702 0.2520226722128263 0.5538167938931298 0.2634501988389633 0.5385496183206107 0.30801755268089775 0.5255725190839695 0.32173058463226223 0.4919847328244275 0.3400146272340815 0.4675572519083969 0.31487406865657996 0.45992366412213737 0.2588791881885085 0.46679389312977093 0.2063125657082781 0.4698473282442748 0.1777437491429355
5 0.3049618320610687 0.17545824381770808 0.3194656488549618 0.16517346985418477 0.33931297709923663 0.1971705444073685 0.35839694656488547 0.264592951501577 0.3477099236641221 0.30001828404260183 0.32251908396946566 0.33201535859578557 0.2965648854961832 0.326301595282717 0.28053435114503816 0.30801755268089775 0.26221374045801527 0.2565936828632811 0.2782442748091603 0.20516981304566442
5 0.6958015267175571 0.1171778580244092 0.7255725190839695 0.11946336334963663 0.7614503816793894 0.1731727384924807 0.7736641221374045 0.23716688759884816 0.75 0.28401974676601 0.7187022900763359 0.3137313159939663 0.6935114503816794 0.326301595282717 0.6690839694656489 0.27487772546510036 0.6606870229007634 0.19488503908214108 0.6736641221374046 0.14003291127668327
5 0.21183206106870228 0.16174521186634366 0.17748091603053434 0.13203364263838735 0.13778625954198476 0.1468894272523655 0.12251908396946566 0.1731727384924807 0.11564885496183204 0.20859807103350553 0.14541984732824426 0.27487772546510036 0.17824427480916027 0.3125885633313526 0.21030534351145036 0.27373497280248665 0.2255725190839695 0.22802486629793847
1 0.6568702290076336 0.4302920875805641 0.7034351145038168 0.43829135621885995 0.7469465648854962 0.4737166887598848 0.7606870229007634 0.49314348402431774 0.7599236641221374 0.5799926863829592 0.7400763358778626 0.603990492297847 0.6759541984732824 0.5834209443708003 0.6698473282442747 0.59256296567171 0.6736641221374046 0.6131325135987566 0.665267175572519 0.6291310508753485 0.6309160305343511 0.6188462769118251 0.6248091603053435 0.6074187502856881 0.6270992366412214 0.5628513964437537 0.6148854961832061 0.5125702792887507 0.6148854961832061 0.4622891621337477 0.6347328244274809 0.4405768615440874
1 0.46603053435114505 0.3468711432097637 0.46679389312977093 0.37201170178726517 0.49503816793893135 0.46686017278420255 0.5293893129770992 0.38801023906385695 0.5370229007633587 0.32515884262010336 0.6019083969465648 0.3857247337386296 0.6202290076335878 0.4565753988206792 0.6118320610687022 0.46686017278420255 0.6141221374045801 0.5525666224802304 0.5919847328244275 0.68512593134342 0.5935114503816794 0.769689628376834 0.5874045801526717 0.7868309183160397 0.49809160305343514 0.831398272157974 0.4851145038167939 0.7445490697993327 0.4744274809160305 0.8153997348813822 0.4202290076335878 0.7982584449421767 0.40572519083969466 0.7742606390272888 0.4118320610687023 0.6679846414042144 0.3782442748091603 0.6622708780911459 0.36832061068702293 0.6405585775014856 0.36374045801526717 0.5708506650820496 0.38129770992366413 0.5022855053252274 0.39427480916030533 0.3914384970516981 0.4202290076335878 0.3697261964620378
1 0.266793893129771 0.47600219408511224 0.2904580152671756 0.4428623668693148 0.33549618320610686 0.4314348402431777 0.37519083969465644 0.4302920875805641 0.38129770992366413 0.4725739360972711 0.3721374045801527 0.542281848516707 0.3652671755725191 0.5719934177446634 0.3591603053435114 0.5937057183343237 0.27290076335877866 0.6108470082735292 0.26068702290076334 0.527426063902729
1 0.12862595419847328 0.45428989349545185 0.17137404580152674 0.41086529231613106 0.20877862595419844 0.4040087763404489 0.21793893129770991 0.4040087763404489 0.2385496183206107 0.4725739360972711 0.2538167938931298 0.49428623668693145 0.2568702290076336 0.5388535905288659 0.20038167938931298 0.5639941491063674 0.18969465648854958 0.5628513964437537 0.14007633587786256 0.5239978059148878
2 0.4851145038167939 0.7514055857750148 0.49427480916030536 0.8336837774832014 0.584351145038168 0.7902591763038808 0.5912213740458016 0.7765461443525162 0.5759541984732824 0.8611098413859305 0.5614503816793893 0.9948119029117338 0.4896335877862593 0.9970059880239521 0.4812977099236641 0.9239612378296841 0.47290076335877856 0.9925263975865064 0.3965954198473281 0.9970059880239521 0.3927480916030534 0.9102482058783198 0.4072519083969466 0.7765461443525162 0.41946564885496185 0.7959729396169493 0.4744274809160305 0.8165424875439958
4 0.11564885496183204 0.6017049869726196 0.10343511450381679 0.6531288567902362 0.08740458015267176 0.8382547881336563 0.10343511450381679 0.8622525940485442 0.17137404580152674 0.87025186268684 0.2370229007633588 0.87025186268684 0.2446564885496183 0.6874114366686473 0.24923664122137404 0.6497005988023952 0.2629770992366412 0.6325593088631896 0.2538167938931298 0.5377108378662522 0.20038167938931298 0.5605658911185263 0.19045801526717554 0.5628513964437537 0.15458015267175573 0.5902774603464825 0.1293893129770992 0.600562234310006
4 0.2751908396946565 0.6177035242492115 0.36374045801526717 0.5937057183343237 0.366793893129771 0.6531288567902362 0.37671755725190836 0.6611281254285322 0.3973282442748092 0.6759839100425103 0.40572519083969466 0.7308360378479681 0.39961832061068703 0.8131142295561549 0.3904580152671756 0.8782511313251359 0.33549618320610686 0.9273894958175252 0.24312977099236638 0.8931069159391141 0.2423664122137405 0.6816976733555788 0.2767175572519084 0.6668418887416008 0.3049618320610687 0.6908396946564885 0.29732824427480914 0.6679846414042144 0.31793893129770995 0.6771266627051241 0.3194656488549618 0.6634136307537596 0.2904580152671756 0.6554143621154637 0.2904580152671756 0.6405585775014856 0.32099236641221374 0.6565571147780773 0.32099236641221374 0.6485578461397815 0.2904580152671756 0.6302738035379621 0.29122137404580156 0.6211317822370526 0.31030534351145034 0.6222745348996663 0.3148854961832061 0.6154180189239841 0.29809160305343513 0.6154180189239841
4 0.6240458015267176 0.6199890295744389 0.616412213740458 0.7559765964254697 0.6095419847328244 0.9033916899026375 0.5968862231915667 0.9970059880239521 0.7973282442748091 0.9959546555743475 0.8011450381679389 0.970814096996846 0.7958015267175572 0.7468345751245601 0.7736641221374045 0.6805549206929652 0.7393129770992366 0.6828404260181926 0.7141221374045802 0.6634136307537596 0.682824427480916 0.6714128993920556 0.6729007633587786 0.6565571147780773 0.6675572519083969 0.6325593088631896
6 0.10725190839694655 0.3400146272340815 0.1248091603053435 0.3788682177629474 0.10572519083969466 0.41086529231613106 0.09274809160305343 0.43600585089363253 0.0416030534351145 0.49314348402431774 0.03931297709923663 0.5079992686382959 0.11946564885496183 0.5617086437811399 0.14923664122137403 0.5365680852036385 0.13854961832061072 0.5765644283951181 0.15076335877862596 0.5857064496960277 0.13931297709923665 0.5959912236595512 0.12251908396946566 0.600562234310006 0.03625954198473282 0.5514238698176167 0.0003816793893129784 0.511427526626137 0.001145038167938928 0.4714311834346574 0.05381679389312977 0.4074370343282899
6 0.26068702290076334 0.3754399597751063 0.24160305343511454 0.3742972071124926 0.21030534351145036 0.41772180829181327 0.16603053435114504 0.5057137633130685 0.14541984732824426 0.5559948804680714 0.1797709923664122 0.6165607715865977 0.2385496183206107 0.6714128993920556 0.24389312977099234 0.6805549206929652 0.2698473282442748 0.6668418887416008 0.3034351145038168 0.6908396946564885 0.2904580152671756 0.6599853727659185 0.3148854961832061 0.6782694153677378 0.3187022900763359 0.673698404717283 0.28969465648854964 0.6485578461397815 0.3248091603053435 0.6554143621154637 0.32251908396946566 0.6485578461397815 0.29274809160305343 0.6291310508753485 0.29274809160305343 0.6268455455501212 0.3187022900763359 0.6188462769118251 0.3064885496183206 0.6097042556109156 0.2774809160305343 0.6177035242492115 0.25 0.6474150934771677 0.20496183206106872 0.5971339763221648 0.1851145038167939 0.5514238698176167 0.23396946564885496 0.46800292544681626 0.24694656488549618 0.43714860355624624
6 0.6209923664122138 0.5994194816473922 0.616412213740458 0.7411208118114915 0.6133587786259542 0.8519678200850208 0.6110687022900764 0.8919641632765004 0.5973282442748091 0.8633953467111577 0.5874045801526717 0.8222562508570644 0.598091603053435 0.7811171550029711 0.6095419847328244 0.6976962106321708
6 0.7942748091603054 0.3605841751611282 0.7782442748091603 0.3914384970516981 0.7866412213740458 0.45428989349545185 0.8538167938931298 0.5822781917081866 0.7965648854961831 0.6291310508753485 0.7484732824427481 0.6417013301640992 0.7515267175572519 0.6325593088631896 0.7538167938931298 0.5879919550212551 0.7423664122137404 0.6017049869726196 0.7339694656488549 0.6097042556109156 0.7034351145038168 0.5914202130090963 0.6782442748091603 0.5902774603464825 0.6744274809160306 0.59256296567171 0.6729007633587786 0.5982767289847786 0.7049618320610687 0.6097042556109156 0.6942748091603054 0.611989760936143 0.6721374045801526 0.6199890295744389 0.6675572519083969 0.6291310508753485 0.6721374045801526 0.634844814188417 0.6973282442748091 0.6279882982127348 0.6958015267175571 0.6291310508753485 0.685114503816794 0.6371303195136444 0.6690839694656489 0.6485578461397815 0.6721374045801526 0.6599853727659185 0.7019083969465648 0.6439868354893267 0.6980916030534351 0.6519861041276226 0.684351145038168 0.6622708780911459 0.6866412213740458 0.673698404717283 0.7148854961832061 0.6634136307537596 0.7362595419847328 0.6759839100425103 0.7698473282442747 0.6839831786808063 0.8125954198473282 0.6748411573798967 0.9064885496183206 0.62341728756228 0.9141221374045801 0.6017049869726196 0.8912213740458016 0.5297115692279563 0.8423664122137404 0.4200073136170407 0.8125954198473282 0.3811537230881748
8 0.15763358778625952 0.3800109704255611 0.15458015267175573 0.4211500662796544 0.19580152671755724 0.4040087763404489 0.2148854961832061 0.39943776568999406 0.19274809160305342 0.3537276591854459 0.15687022900763356 0.3537276591854459
8 0.28587786259541986 0.4017232710152215 0.2690839694656489 0.45428989349545185 0.2866412213740458 0.4405768615440874 0.3347328244274809 0.4325775929057914 0.3568702290076336 0.4314348402431777 0.3347328244274809 0.4017232710152215 0.32557251908396945 0.38686748640124324 0.29274809160305343 0.3822964757507885
8 0.682824427480916 0.39600950770215293 0.7187022900763359 0.39943776568999406 0.7400763358778626 0.4577181514832929 0.7049618320610687 0.43829135621885995 0.6683206106870229 0.4302920875805641
7 0.14618320610687022 0.8679663573616125 0.14389312977099233 0.9045344425652512 0.1484732824427481 0.9948119029117338 0.18129770992366412 0.9959546555743475 0.17748091603053434 0.9388170224436623 0.19274809160305342 0.9022489372400238 0.18816793893129774 0.8771083786625222
7 0.21412213740458014 0.8748228733372948 0.22251908396946568 0.9262467431549115 0.2095587293770007 0.9970059880239521 0.2446564885496183 0.9970059880239521 0.2591603053435115 0.9296750011427526 0.2614503816793893 0.8988206792521827 0.24618320610687022 0.8942496686017278 0.2370229007633588 0.8748228733372948
7 0.30877862595419847 0.9273894958175252 0.3217557251908397 0.9753851076473007 0.3126339895540377 0.9970059880239521 0.3698473282442748 0.9970059880239521 0.366793893129771 0.9251039904922977 0.3614503816793893 0.9136764638661606 0.35839694656488547 0.9102482058783198 0.3293893129770992 0.9308177538053664
