5 0.19760273972602738 0.3527397260273973 0.24417808219178083 0.3573059360730594 0.28801369863013704 0.2819634703196347 0.28732876712328764 0.20662100456621005 0.28527397260273973 0.1449771689497717 0.26472602739726026 0.1038812785388128 0.23184931506849318 0.08904109589041097 0.19143835616438354 0.10958904109589042 0.1695205479452055 0.14383561643835618 0.15513698630136985 0.2214611872146119 0.16541095890410962 0.2614155251141553
5 0.5955479452054795 0.13470319634703198 0.6462328767123288 0.07420091324200913 0.6866438356164384 0.08333333333333333 0.711986301369863 0.12557077625570778 0.7297945205479452 0.2031963470319635 0.7236301369863014 0.2659817351598174 0.6982876712328767 0.317351598173516 0.675 0.3493150684931507 0.6366438356164384 0.3595890410958904 0.6058219178082191 0.3013698630136986 0.5948630136986301 0.27739726027397266 0.5845890410958905 0.226027397260274 0.5886986301369863 0.18721461187214614 0.5886986301369863 0.15182648401826485
1 0.23664383561643837 0.46917808219178087 0.23527397260273972 0.4748858447488585 0.1606164383561644 0.5799086757990868 0.12636986301369862 0.6449771689497718 0.14691780821917808 0.773972602739726 0.15370036854182603 0.9966666666666667 0.24828767123287673 0.9942922374429224 0.2571917808219178 0.9200913242009132 0.3023972602739726 0.795662100456621 0.338013698630137 0.769406392694064 0.30924657534246575 0.7123287671232877 0.30856164383561646 0.6381278538812786 0.3058219178082192 0.5799086757990868 0.29828767123287675 0.550228310502283 0.27294520547945206 0.5011415525114155 0.25102739726027395 0.48059360730593603
1 0.7626712328767123 0.5525114155251142 0.8119863013698629 0.550228310502283 0.8441780821917808 0.504566210045662 0.8791095890410959 0.6404109589041096 0.8893835616438356 0.8493150684931507 0.8434931506849315 0.8789954337899544 0.727054794520548 0.858447488584475 0.5907534246575343 0.6655251141552512 0.5667808219178082 0.6392694063926941 0.5407534246575343 0.6438356164383562 0.5434931506849315 0.6244292237442922 0.577054794520548 0.636986301369863 0.6969178082191781 0.699771689497717 0.7284246575342467 0.6689497716894978 0.7373287671232877 0.6415525114155252 0.751027397260274 0.608447488584475
6 0.13938356164383564 0.3515981735159817 0.09760273972602741 0.4463470319634703 0.07431506849315067 0.5410958904109588 0.053082191780821915 0.58675799086758 0.0523972602739726 0.6267123287671232 0.06472602739726029 0.6529680365296804 0.08732876712328766 0.6518264840182649 0.11952054794520549 0.5958904109589042 0.18321917808219176 0.4463470319634703 0.20171232876712328 0.3961187214611872 0.1893835616438356 0.3470319634703196 0.1517123287671233 0.22260273972602743 0.14349315068493151 0.2317351598173516 0.16472602739726028 0.30593607305936077 0.16267123287671234 0.3310502283105023 0.1565068493150685 0.3458904109589041 0.15787671232876713 0.4109589041095891 0.14760273972602742 0.3527397260273973
6 0.13116438356164384 0.7089041095890412 0.09828767123287671 0.7842465753424658 0.035273972602739734 0.9646118721461187 0.03664383561643835 0.9805936073059361 0.05787671232876713 0.9954337899543378 0.08664383561643836 0.9942922374429224 0.07089041095890411 0.973744292237443 0.10650684931506851 0.891552511415525 0.14623287671232876 0.795662100456621 0.14691780821917808 0.773972602739726
6 0.6523972602739726 0.3698630136986301 0.6688356164383562 0.5114155251141553 0.6448630136986302 0.5993150684931507 0.5859589041095891 0.5753424657534247 0.6058219178082191 0.4977168949771689 0.6167808219178083 0.43493150684931514 0.6386986301369864 0.38242009132420096
6 0.7277397260273973 0.386986301369863 0.7476027397260274 0.33789954337899547 0.7695205479452055 0.3276255707762557 0.8037671232876712 0.3755707762557078 0.7962328767123288 0.4600456621004566 0.7756849315068494 0.4965753424657534 0.7585616438356164 0.562785388127854 0.751027397260274 0.6164383561643836 0.7304794520547946 0.660958904109589 0.6996575342465753 0.6940639269406392 0.5339041095890411 0.6164383561643836 0.5140410958904109 0.6552511415525114 0.5126712328767123 0.6244292237442922 0.4982876712328767 0.6118721461187215 0.5126712328767123 0.5821917808219178 0.5366438356164385 0.5525114155251142 0.5845890410958905 0.5753424657534247 0.6832191780821918 0.6073059360730594 0.7010273972602741 0.5662100456621004
8 0.6695205479452055 0.43036529680365293 0.714041095890411 0.4178082191780822 0.7188356164383561 0.45776255707762553 0.7010273972602741 0.567351598173516 0.690068493150685 0.593607305936073 0.672945205479452 0.5091324200913242 0.6688356164383562 0.49543378995433796
8 0.14691780821917808 0.5365296803652968 0.12294520547945206 0.5833333333333334 0.12431506849315067 0.6244292237442922 0.23390410958904112 0.48059360730593603 0.23664383561643837 0.4737442922374429 0.2722602739726028 0.4931506849315069 0.2708904109589041 0.4634703196347032 0.2571917808219178 0.4235159817351598 0.2030821917808219 0.3995433789954338 0.17705479452054795 0.4611872146118721
8 0.775 0.5091324200913242 0.7715753424657534 0.5410958904109588 0.8051369863013699 0.5445205479452054 0.8414383561643836 0.5057077625570776 0.8065068493150686 0.3812785388127854 0.7962328767123288 0.4668949771689498 0.7791095890410958 0.5
7 0.2825342465753425 0.8561643835616439 0.31198630136986305 0.7990867579908676 0.4017123287671233 0.7363013698630138 0.42979452054794526 0.7203196347031964 0.5414383561643835 0.6472602739726028 0.5797945205479452 0.6484018264840183 0.6277397260273972 0.726027397260274 0.7291095890410959 0.8641552511415524 0.8660958904109589 0.9337899543378996 0.7852739726027397 0.949771689497717 0.6818493150684932 0.9611872146118721 0.601027397260274 0.8926940639269406 0.5619863013698629 0.815068493150685 0.551027397260274 0.8013698630136987 0.5352739726027397 0.8093607305936074 0.4640410958904109 0.91324200913242 0.4126712328767123 0.9668949771689499 0.351027397260274 0.9851598173515981 0.2674657534246575 0.9954337899543378 0.2476027397260274 0.9509132420091324 0.2565068493150685 0.9109589041095891
7 0.4311643835616438 0.949771689497717 0.5154109589041096 0.9714611872146118 0.6674657534246575 0.954337899543379 0.8503424657534246 0.9246575342465754 0.9085616438356164 0.9075342465753425 0.9503424657534246 0.8710045662100456 0.9777397260273973 0.8013698630136987 0.9708904109589043 0.791095890410959 0.9174657534246575 0.8481735159817352 0.8832191780821917 0.8630136986301371 0.8469178082191782 0.8812785388127854 0.727054794520548 0.8595890410958905 0.5578767123287671 0.8184931506849316 0.5496575342465754 0.8047945205479453 0.5352739726027397 0.8093607305936074 0.4660958904109589 0.9109589041095891
