5 0.1868571428571428 0.3697142857142857 0.20666666666666667 0.34914285714285714 0.21580952380952384 0.30342857142857144 0.18838095238095245 0.26571428571428574 0.1655238095238095 0.24742857142857141 0.08780952380952385 0.2622857142857143 0.06952380952380956 0.28285714285714286 0.0817142857142857 0.356 0.09390476190476192 0.38342857142857145 0.14419047619047615 0.3708571428571429
5 0.37276190476190474 0.2565714285714286 0.356 0.2588571428571429 0.3392380952380953 0.2817142857142857 0.3514285714285714 0.3045714285714286 0.38038095238095243 0.3 0.3910476190476191 0.27371428571428574
5 0.6226666666666667 0.20628571428571427 0.5967619047619047 0.24514285714285713 0.6043809523809525 0.2977142857142857 0.6135238095238095 0.3331428571428572 0.6333333333333333 0.3422857142857143 0.7064761904761905 0.3342857142857143 0.7110476190476192 0.2965714285714286 0.7293333333333333 0.2897142857142857 0.7491428571428572 0.236 0.7384761904761905 0.21885714285714283 0.7095238095238094 0.20857142857142855 0.6958095238095239 0.20857142857142855 0.6546666666666666 0.2017142857142857
5 0.8969523809523808 0.2965714285714286 0.9350476190476191 0.292 0.9838095238095237 0.292 0.9973333333333333 0.3002987012987013 0.9944761904761904 0.3742857142857143 0.9259047619047619 0.3845714285714286 0.8969523809523808 0.3845714285714286 0.8817142857142858 0.3457142857142857 0.8817142857142858 0.3102857142857143
5 0.8893333333333335 0.27371428571428574 0.9365714285714286 0.2691428571428572 0.9777142857142858 0.29085714285714287 0.9213333333333334 0.292 0.8847619047619047 0.30228571428571427
1 0.09390476190476192 0.3788571428571429 0.14266666666666666 0.3777142857142857 0.1868571428571428 0.37542857142857144 0.2036190476190477 0.39371428571428574 0.2554285714285714 0.4074285714285714 0.27676190476190476 0.4382857142857143 0.31638095238095243 0.5605714285714286 0.29961904761904773 0.6062857142857143 0.2737142857142858 0.6222857142857143 0.28590476190476194 0.6611428571428571 0.24780952380952384 0.6668571428571429 0.029904761904761927 0.6382857142857143 0.01923809523809526 0.5228571428571429 -2.3684757858670005e-18 0.5106483516483515 0.01161904761904763 0.3982857142857143
1 0.548 0.36742857142857144 0.5845714285714286 0.36514285714285716 0.6287619047619047 0.3514285714285714 0.7415238095238095 0.3617142857142857 0.7902857142857143 0.3788571428571429 0.8207619047619047 0.41314285714285715 0.8100952380952381 0.4908571428571429 0.7780952380952381 0.5022857142857142 0.7415238095238095 0.5731428571428571 0.7552380952380953 0.6302857142857143 0.7308571428571428 0.6165714285714285 0.6546666666666666 0.6222857142857143 0.5982857142857144 0.6268571428571429 0.5083809523809525 0.6805714285714286 0.5373333333333333 0.5754285714285714 0.5449523809523811 0.476 0.5144761904761905 0.5022857142857142 0.4672380952380953 0.4725714285714286
1 0.9304761904761903 0.388 0.8878095238095237 0.4154285714285714 0.8177142857142857 0.4668571428571429 0.8055238095238096 0.5011428571428571 0.8756190476190475 0.6211428571428571 0.9944761904761904 0.6588571428571429 0.9973333333333333 0.3974285714285801 0.9973333333333333 0.3765714285714286
1 0.3392380952380953 0.2977142857142857 0.3102857142857144 0.3137142857142857 0.30571428571428577 0.3617142857142857 0.33466666666666667 0.364 0.3651428571428572 0.3537142857142857 0.4017142857142858 0.3742857142857143 0.42152380952380947 0.3525714285714286 0.41238095238095246 0.31942857142857145 0.39257142857142857 0.3 0.3514285714285714 0.30914285714285716
2 0.5022857142857143 0.6862857142857144 0.4977142857142858 0.7777142857142858 0.5007619047619047 0.8017142857142858 0.5617142857142858 0.78 0.5967619047619047 0.7937142857142858 0.6333333333333333 0.748 0.6699047619047619 0.7754285714285715 0.7567619047619047 0.7514285714285714 0.7598095238095238 0.6371428571428571 0.7354285714285714 0.6177142857142858 0.6546666666666666 0.628 0.6043809523809525 0.6302857142857143
2 0.03904761904761904 0.6474285714285715 0.17314285714285718 0.6634285714285715 0.25695238095238104 0.668 0.27219047619047615 0.6691428571428572 0.2752380952380953 0.7822857142857144 0.18838095238095245 0.9171428571428571 0.1350476190476191 0.892 0.08476190476190482 0.8988571428571429 0.0 0.9093011583011583 0.0 0.8497142857142858 0.06038095238095237 0.7708571428571429
7 0.5601904761904761 0.8371428571428571 0.5068571428571428 0.8028571428571429 0.5632380952380952 0.7868571428571429 0.5876190476190477 0.7948571428571429 0.6577142857142858 0.8222857142857143 0.6973333333333334 0.8371428571428571 0.6683809523809524 0.8668571428571429
7 0.7384761904761905 0.7594285714285715 0.7537142857142858 0.764 0.7994285714285714 0.8222857142857143 0.768952380952381 0.8371428571428571 0.7506666666666667 0.82 0.6744761904761906 0.78
