5 0.3831335616438356 0.17009132420091325 0.3163527397260274 0.2100456621004566 0.2829623287671233 0.2922374429223744 0.2923801369863014 0.3584474885844749 0.3000856164383562 0.5 0.3069349315068493 0.6107305936073059 0.3240582191780822 0.6849315068493151 0.3994006849315068 0.7888127853881279 0.4619006849315069 0.8025114155251142 0.5380993150684931 0.6894977168949772 0.5595034246575342 0.5605022831050228 0.5783390410958904 0.48059360730593603 0.5569349315068493 0.3550228310502283 0.507277397260274 0.23287671232876714 0.45505136986301364 0.1735159817351598
5 0.12799657534246578 0.0 0.11515410958904113 0.03881278538812785 0.1391267123287671 0.06392694063926942 0.17166095890410957 0.05936073059360731 0.18279109589041098 0.051369863013698634 0.18964041095890408 0.021689497716894976 0.18450342465753422 0.0
5 0.05522260273972602 0.2831050228310502 0.13313356164383564 0.22945205479452058 0.21190068493150682 0.2751141552511415 0.2641267123287671 0.2945205479452055 0.2889554794520548 0.3767123287671233 0.3000856164383562 0.5228310502283106 0.295804794520548 0.6015981735159818 0.3137842465753425 0.6141552511415524 0.3154965753424658 0.6552511415525114 0.30265410958904115 0.6678082191780823 0.2744006849315068 0.6678082191780823 0.2658390410958904 0.7226027397260274 0.2290239726027397 0.7705479452054794 0.1665239726027397 0.8858447488584476 0.15111301369863014 0.9166666666666666 0.12799657534246578 0.8995433789954338 0.1288527397260274 0.867579908675799 0.07063356164383564 0.7990867579908676 0.00214041095890412 0.723744292237443 0.0038527397260273944 0.3002283105022831
5 0.689640410958904 0.12442922374429223 0.591181506849315 0.1894977168949772 0.5663527397260275 0.27739726027397266 0.5509417808219179 0.32420091324200917 0.5826198630136986 0.406392694063927 0.6365582191780823 0.4897260273972603 0.6990582191780823 0.6027397260273972 0.7932363013698631 0.704337899543379 0.8660102739726028 0.7031963470319634 0.8934075342465754 0.7054794520547946 0.9267979452054794 0.593607305936073 0.9892979452054794 0.4668949771689498 0.9975 0.4608193810248605 0.971318493150685 0.3664383561643836 0.9379280821917808 0.25570776255707767 0.8976883561643835 0.22260273972602743 0.8257705479452055 0.12442922374429223 0.7649828767123288 0.1221461187214612 0.7264554794520548 0.10730593607305937
1 0.3180650684931507 0.6643835616438356 0.2786815068493151 0.680365296803653 0.2718321917808219 0.726027397260274 0.21960616438356162 0.8162100456621004 0.14426369863013697 0.937214611872146 0.16053082191780824 0.9885844748858447 0.2110445205479452 0.9189497716894977 0.2744006849315068 0.8926940639269406 0.3095034246575342 0.8858447488584476 0.3642979452054794 0.9326484018264841 0.43022260273972607 0.9771689497716896 0.4559075342465754 0.9942922374429224 0.5740582191780823 0.9954337899543378 0.6648116438356165 0.9246575342465754 0.694777397260274 0.937214611872146 0.7230308219178083 0.867579908675799 0.735873287671233 0.7819634703196348 0.7290239726027398 0.7146118721461188 0.742722602739726 0.6815068493150686 0.7470034246575342 0.656392694063927 0.7059075342465754 0.6061643835616438 0.6314212328767124 0.4794520547945206 0.5860445205479452 0.4600456621004566 0.5654965753424658 0.5308219178082192 0.5612157534246576 0.6107305936073059 0.5612157534246576 0.70662100456621 0.5081335616438356 0.7819634703196348 0.4345034246575342 0.817351598173516 0.39255136986301375 0.795662100456621 0.32234589041095896 0.6940639269406392
1 0.752140410958904 0.6678082191780823 0.795804794520548 0.7031963470319634 0.8882705479452055 0.7054794520547946 0.8420376712328768 0.817351598173516 0.8283390410958904 0.8949771689497716 0.8446061643835617 0.9965753424657534 0.7247431506849316 0.9965753424657534 0.7170376712328768 0.9052511415525114 0.7247431506849316 0.8607305936073059 0.7367294520547945 0.776255707762557 0.7281678082191781 0.7168949771689498
1 0.12200342465753422 0.058219178082191785 0.09460616438356166 0.07420091324200913 0.07148972602739725 0.13013698630136986 0.08604452054794522 0.1449771689497717 0.10659246575342465 0.13356164383561644 0.11857876712328767 0.16210045662100458 0.15967465753424656 0.15182648401826485 0.1819349315068493 0.12899543378995434 0.18535958904109592 0.06963470319634703 0.15967465753424656 0.10273972602739727 0.15025684931506852 0.1050228310502283 0.13398972602739725 0.09360730593607307
1 0.05950342465753426 0.858447488584475 0.13484589041095896 0.9246575342465754 0.16909246575342465 0.9942922374429224 0.014126712328767112 0.9920091324200913 0.00042808219178080975 0.9223744292237442 0.0 0.9069634703196345 0.0012842465753424648 0.891552511415525 0.06806506849315071 0.8595890410958905
6 0.9961472602739727 0.4931506849315069 0.930222602739726 0.5901826484018264 0.8454623287671234 0.8207762557077626 0.8291952054794521 0.9029680365296804 0.846318493150685 0.9965753424657534 0.9975 0.9965753424657534
6 0.05094178082191782 0.1415525114155251 0.035530821917808236 0.19292237442922375 0.07063356164383564 0.19292237442922375 0.09717465753424659 0.15296803652968038 0.07833904109589042 0.13698630136986303
1 0.03125 0.1997716894977169 0.06977739726027397 0.19292237442922375 0.06549657534246578 0.21917808219178084 0.14083904109589043 0.1997716894977169 0.1742294520547945 0.2100456621004566 0.17936643835616436 0.24657534246575344 0.12628424657534246 0.228310502283105 0.07662671232876711 0.2568493150684931 0.03125 0.2682648401826484 0.0 0.2671387140565223
