5 0.7897872340425531 0.22317547471974378 0.8187234042553191 0.21059254175245942 0.9080851063829787 0.275795012582933 0.9114893617021276 0.3352779684282773 0.9123404255319149 0.41535117822008694 0.8340425531914893 0.4439487531457333 0.7965957446808511 0.4313658201784488 0.7812765957446809 0.3936170212765957 0.7659574468085106 0.35014870738961335 0.7727659574468084 0.32383893845801875 0.7693617021276595 0.29295355753832075 0.771063829787234 0.2506291466483642
5 0.4127659574468085 0.22203157172271792 0.39404255319148934 0.23804621368107987 0.3812765957446808 0.2872340425531915 0.37787234042553186 0.3398535804163807 0.37446808510638296 0.36501944635094946 0.38893617021276594 0.38217799130633723 0.3906382978723404 0.4119194692290094 0.4068085106382978 0.4405170441546557 0.4561702127659574 0.44623655913978494 0.4859574468085106 0.4107755662319835 0.4987234042553192 0.3810340883093114 0.5174468085106382 0.3444291924044841 0.5097872340425532 0.29066575154426905 0.49787234042553197 0.24605353466026084 0.4672340425531915 0.22203157172271792 0.4442553191489362 0.21631205673758866
5 0.265531914893617 0.13967055593685657 0.2246808510638298 0.10992907801418442 0.14723404255319147 0.22431937771676963 0.10042553191489362 0.1888583848089682 0.08340425531914891 0.15339739190116683 0.06297872340425531 0.19457789979409748 0.04510638297872339 0.29066575154426905 0.043404255319148946 0.35815602836879434 0.036595744680851056 0.44280485014870735 0.08085106382978723 0.45538778311599176 0.1523404255319149 0.430221917181423 0.19148936170212766 0.40619995424388017 0.21787234042553189 0.3856097002974148 0.24680851063829784 0.38332189430336305 0.2561702127659574 0.3490048043925875 0.2587234042553191 0.31811942347288946 0.26978723404255317 0.3009608785175017 0.25787234042553187 0.26893159460077787 0.26978723404255317 0.22889498970487301 0.27574468085106385 0.20830473575840772 0.2612765957446808 0.19229009380004577 0.2612765957446808 0.17169983985358045
0 0.9259574468085107 0.2918096545412949 0.9685106382978724 0.2266071837108213 0.9234042553191489 0.17856325783573554 0.9063829787234042 0.12594371997254636 0.8459574468085107 0.13852665293983074 0.7872340425531915 0.21974376572866622 0.8280851063829787 0.20716083276138184 0.8663829787234042 0.23118279569892472
0 0.3404255319148936 0.2746511095859071 0.3591489361702127 0.3112560054907344 0.37446808510638296 0.32155113246396705 0.3931914893617021 0.24490963166323496 0.4357446808510638 0.2128803477465111 0.4740425531914894 0.2277510867078472 0.5029787234042553 0.25749256463051934 0.5182978723404256 0.3444291924044841 0.5497872340425531 0.30553649050560516 0.5063829787234043 0.21974376572866622 0.49787234042553197 0.19915351178220086 0.3974468085106383 0.1888583848089682 0.38978723404255317 0.20258522077327845 0.371063829787234 0.2266071837108213
0 0.08680851063829786 0.14424616792496 0.10212765957446808 0.08361930908258983 0.1395744680851064 0.04129489819263329 0.1931914893617021 0.05502173415694351 0.2246808510638298 0.10878517501715856 0.14893617021276595 0.22546328071379548 0.10127659574468083 0.1911461908030199
1 0.3770212765957447 0.4370853351635781 0.4136170212765957 0.47483413406543123 0.4544680851063829 0.47483413406543123 0.47659574468085103 0.4588194921070693 0.513191489361702 0.4954243880118966 0.5446808510638298 0.5251658659345688 0.5668085106382977 0.6544269045984901 0.5702127659574469 0.8214367421642644 0.4995744680851064 0.8694806680393503 0.531557145546978 0.9973118279569892 0.305531914893617 0.99645390070922 0.29446808510638295 0.9621368107984443 0.31148936170212765 0.9392587508579273 0.3395744680851064 0.957561198810341 0.3931914893617021 0.9392587508579273 0.4255319148936171 0.8443148021047815 0.3982978723404255 0.8466026080988334 0.3719148936170213 0.7436513383665065 0.3191489361702128 0.6818805765271105 0.2868085106382978 0.5846488217799131 0.265531914893617 0.5343170899107755 0.2782978723404255 0.49771219400594835 0.30127659574468085 0.4736902310684054 0.3378723404255319 0.47254632807137953 0.3676595744680851 0.4622512010981469
1 0.8246808510638298 0.45996339510409523 0.8451063829787233 0.47483413406543123 0.8876595744680851 0.4679707160832761 0.9191489361702129 0.45081217112788835 0.9285106382978724 0.48055364905056047 0.998 0.5230080489174518 0.998 0.803134294211851 0.9787234042553191 0.7070464424616794 0.9634042553191489 0.772248913292153 0.9565957446808511 0.8466026080988334 0.9736170212765958 0.9369709448638756 0.9931914893617022 0.995309997712194 0.7114893617021275 0.99645390070922 0.7319148936170213 0.9312514298787463 0.7523404255319149 0.8363074811256006 0.7480851063829786 0.7402196293754291 0.7404255319148936 0.6612903225806451 0.7387234042553191 0.7413635323724549 0.7353191489361702 0.7768245252802563 0.7174468085106382 0.8168611301761611 0.7029787234042554 0.8225806451612904 0.668936170212766 0.7928391672386182 0.6655319148936168 0.7356440173873255 0.6774468085106382 0.6830244795241364 0.6834042553191488 0.6201098146877144 0.6978723404255318 0.5732097918096546 0.7114893617021275 0.5377487989018531 0.7361702127659573 0.5217341569434912 0.7872340425531915 0.4851292610386639
1 0.5702127659574469 0.9289636238846946 0.5923404255319149 0.9083733699382293 0.6068085106382978 0.9289636238846946 0.6187234042553191 0.9209563029055138 0.6119148936170213 0.9461221688400825 0.6246808510638298 0.9770075497597804 0.6216595744680851 0.9973118279569892 0.7097872340425531 0.9973118279569892 0.7319148936170213 0.9266758178906429 0.753191489361702 0.8363074811256006 0.7429787234042553 0.6658659345687485 0.6825531914893618 0.6692976435598261 0.6578723404255318 0.6441317776252574 0.6459574468085106 0.6658659345687485 0.593191489361702 0.6910318005033174 0.5693617021276596 0.7653854953099978 0.5719148936170213 0.818005033173187 0.56 0.8363074811256006
0 0.6459574468085106 0.5251658659345688 0.6638297872340424 0.4965682910089224 0.6655319148936168 0.477121940059483 0.7063829787234043 0.4988560970029742 0.668936170212766 0.5663463738274994
5 0.742127659574468 0.5068634179821551 0.7046808510638298 0.4965682910089224 0.6638297872340424 0.569778082818577 0.6468085106382978 0.6132463967055594 0.6578723404255318 0.6487073896133608 0.6791489361702127 0.6681537405628003 0.6842553191489362 0.616678105696637 0.708936170212766 0.5377487989018531
0 0.5940425531914894 0.6727293525509037 0.6017021276595744 0.6018073667353009 0.6451063829787234 0.5926561427590941 0.6280851063829787 0.6658659345687485 0.5923404255319149 0.6887439945092657
1 0.1659574468085106 0.4336536261725006 0.06893617021276595 0.46568291008922447 0.059574468085106386 0.5308853809196981 0.02212765957446808 0.545756119881034 0.01872340425531914 0.6063829787234043 0.04170212765957447 0.7253488904140929 0.08340425531914891 0.9323953328757723 0.08 0.99645390070922 0.305531914893617 0.99645390070922 0.29531914893617023 0.9564172958133151 0.30127659574468085 0.9243880118965913 0.3651063829787234 0.9221002059025396 0.3923404255319149 0.8797757950125831 0.39914893617021274 0.8477465110958592 0.3702127659574468 0.7425074353694807 0.3174468085106383 0.6795927705330588 0.2876595744680851 0.5869366277739647 0.24851063829787234 0.48741706703271565 0.19659574468085106 0.4347975291695264
6 0.49702127659574463 0.8706245710363762 0.5574468085106382 0.8385952871196524 0.571063829787234 0.99645390070922 0.5319148936170214 0.9941660947151681
6 0.6646808510638298 0.7997025852207733 0.7038297872340424 0.8305879661404714 0.662127659574468 0.99645390070922 0.6195744680851064 0.995309997712194 0.64 0.8854953099977122
6 0.5736170212765958 0.9312514298787463 0.5897872340425531 0.9186684969114619 0.6204255319148936 0.9861587737359873 0.6187234042553191 0.9930221917181423 0.5761702127659574 0.9930221917181423
