5 0.658458244111349 0.3891428571428572 0.6706944019577852 0.37314285714285716 0.7037320281431629 0.37314285714285716 0.7184154175588865 0.4028571428571429 0.7208626491281737 0.4245714285714286 0.7049556439278065 0.45542857142857146 0.6768124808810033 0.4588571428571429 0.6633527072499237 0.4451428571428572 0.6535637809727745 0.42228571428571426
5 0.7110737228510248 0.3708571428571429 0.7269807280513919 0.35714285714285715 0.7526766595289079 0.3708571428571429 0.7539002753135515 0.40057142857142863 0.7453349648210461 0.4257142857142857 0.7318751911899665 0.436 0.7196390333435301 0.42914285714285716 0.7147445702049557 0.40057142857142863
5 0.7844906699296421 0.3902857142857143 0.7930559804221475 0.38571428571428573 0.8077393698378708 0.3902857142857143 0.8101866014071583 0.4028571428571429 0.8028449066992964 0.4074285714285714 0.791832364637504 0.4097142857142857
5 0.8884980116243499 0.404 0.8995105536861425 0.396 0.9141939431018661 0.3982857142857143 0.9154175588865097 0.4188571428571429 0.9068522483940042 0.43142857142857144 0.8884980116243499 0.4257142857142857
5 0.5275313551544815 0.36742857142857144 0.5434383603548486 0.35942857142857143 0.5568981339859284 0.3777142857142857 0.5520036708473539 0.39371428571428574 0.5397675130009176 0.404 0.532425818293056 0.40171428571428575
5 0.542214744570205 0.3525714285714286 0.5568981339859284 0.35028571428571426 0.5617925971245028 0.3605714285714286 0.5556745182012848 0.364
5 0.4492199449372897 0.36514285714285716 0.43331293973692253 0.3765714285714286 0.43820740287549714 0.4051428571428572 0.45044356072193326 0.412 0.4687977974915877 0.404 0.47002141327623126 0.3845714285714286
5 0.3623432242275926 0.3868571428571429 0.37702661364331597 0.40171428571428575 0.3758029978586724 0.4348571428571429 0.35255429795044363 0.4405714285714286 0.33175282961150204 0.4348571428571429 0.3293055980422147 0.40057142857142863 0.341541755888651 0.38342857142857145
5 0.25466503517895384 0.3868571428571429 0.2779137350871826 0.41085714285714287 0.2693484245946772 0.4508571428571429 0.2632303456714592 0.46571428571428575 0.2460997246864485 0.4725714285714286 0.22774548791679408 0.46457142857142864 0.21673294585500155 0.4177142857142857 0.22162740899357602 0.3891428571428572
5 0.19837870908534724 0.38114285714285717 0.18614255123891102 0.39371428571428574 0.17757724074640566 0.39371428571428574 0.17635362496176196 0.3868571428571429 0.1836953196696237 0.38114285714285717
5 0.13352707249923518 0.36514285714285716 0.13719791985316607 0.3777142857142857 0.1286326093606607 0.3822857142857143 0.11639645151422448 0.3765714285714286 0.12006729886815537 0.36514285714285716
5 0.08825328846742125 0.3788571428571429 0.07234628326705413 0.38 0.06745182012847965 0.3868571428571429 0.07479351483634142 0.40057142857142863 0.08213520954420307 0.40057142857142863 0.08947690425206484 0.39142857142857146
5 0.05521566228204342 0.35714285714285715 0.06500458855919236 0.35485714285714287 0.06500458855919236 0.3708571428571429
5 0.23875802997858672 0.38 0.2460997246864485 0.36514285714285716 0.2644539614561028 0.3697142857142857 0.27179565616396456 0.388 0.2644539614561028 0.39142857142857146
5 0.8725910064239829 0.38114285714285717 0.8884980116243499 0.3868571428571429 0.878709085347201 0.3971428571428572
5 0.8701437748546957 0.37314285714285716 0.8579076170082593 0.38342857142857145 0.8615784643621903 0.39142857142857146 0.8676965432854082 0.3902857142857143
5 0.29382074028754973 0.3742857142857143 0.2974915876414806 0.3822857142857143 0.29014989293361887 0.38571428571428573 0.2828081982257571 0.3822857142857143
5 0.3293055980422147 0.36742857142857144 0.3366472927500765 0.3742857142857143 0.33175282961150204 0.3868571428571429 0.321963903334353 0.38
1 0.2228510247782196 0.468 0.1849189354542673 0.484 0.16289385133068213 0.5205714285714286 0.12985622514530443 0.596 0.11762006729886819 0.6302857142857143 0.15310492505353318 0.636 0.17513000917711838 0.5731428571428571 0.19226063016212908 0.5994285714285714 0.2950443560721933 0.6074285714285714 0.31095136127256046 0.6097142857142858 0.33175282961150204 0.6108571428571429 0.3146222086264913 0.5045714285714286 0.2791373508718262 0.46342857142857147 0.2607831141021719 0.47028571428571425 0.2436524931171612 0.508
1 0.3366472927500765 0.43714285714285717 0.34398898745793827 0.4794285714285714 0.36601407158152344 0.44742857142857145 0.37947384521260324 0.4405714285714286 0.402722545120832 0.44971428571428573 0.4406546344447843 0.5777142857142857 0.42352401345977364 0.5754285714285714 0.4137350871826247 0.5411428571428571 0.3953808504129704 0.5582857142857144 0.33175282961150204 0.5594285714285715 0.3170694401957785 0.5068571428571429 0.28770266136433154 0.476 0.2974915876414806 0.4542857142857143
1 0.43576017130620986 0.42 0.4590088712144386 0.4337142857142857 0.4687977974915877 0.412 0.49449372896910376 0.42342857142857143 0.512847965738758 0.5285714285714286 0.49571734475374735 0.5377142857142858 0.49082288161517285 0.4965714285714286 0.49204649739981643 0.48628571428571427 0.4259712450290609 0.48628571428571427 0.4063933924747629 0.452 0.41128785561333736 0.4257142857142857
1 0.5177424288773325 0.3982857142857143 0.5006118078923218 0.40628571428571425 0.4981645763230346 0.4451428571428572 0.512847965738758 0.47828571428571426 0.5471092077087795 0.47714285714285715 0.5752523707555827 0.4245714285714286 0.5617925971245028 0.39142857142857146 0.5458855919241359 0.4085714285714286
1 0.5630162129091466 0.3868571428571429 0.5728051391862955 0.3822857142857143 0.5948302233098808 0.38571428571428573 0.6095136127256041 0.40057142857142863 0.6009483022330987 0.3982857142857143 0.597277454879168 0.436 0.5764759865402262 0.4382857142857143
5 0.5642398286937902 0.35942857142857143 0.5789232181095136 0.36628571428571427 0.5764759865402262 0.3777142857142857 0.5630162129091466 0.38114285714285717 0.5556745182012848 0.37314285714285716
1 0.6657999388192108 0.4485714285714286 0.6951667176506576 0.47828571428571426 0.7147445702049557 0.4588571428571429 0.7526766595289079 0.4714285714285714 0.7710308962985623 0.5057142857142857 0.7612419700214133 0.5422857142857144 0.7477821963903333 0.5331428571428571 0.7477821963903333 0.5868571428571429 0.7343224227592536 0.604 0.632762312633833 0.5914285714285714 0.6315386968491894 0.5685714285714285 0.6315386968491894 0.532 0.5997246864484551 0.5388571428571429 0.5752523707555827 0.5262857142857144 0.5801468338941572 0.49542857142857144 0.597277454879168 0.49314285714285716 0.6156316916488223 0.4897142857142857 0.6339859284184766 0.476
1 0.7147445702049557 0.436 0.7306515754053227 0.444 0.7575711226674825 0.4245714285714286 0.8077393698378708 0.4462857142857143 0.8358825328846743 0.5685714285714285 0.8224227592535943 0.5891428571428571 0.80406852248394 0.5868571428571429 0.7906087488528601 0.5605714285714286 0.8077393698378708 0.5342857142857144 0.7991740593453655 0.46571428571428575 0.7893851330682166 0.46457142857142864 0.7734781278678494 0.484 0.7514530437442644 0.4737142857142857 0.7147445702049557 0.4508571428571429
1 0.8799327011318446 0.4257142857142857 0.8554603854389722 0.46457142857142864 0.8579076170082593 0.4828571428571429 0.8982869379014989 0.4817142857142857 0.9288773325175895 0.47485714285714287 0.9313245640868768 0.4428571428571429 0.9080758641786478 0.4485714285714286 0.8884980116243499 0.4451428571428572
1 0.9655858060568981 0.40057142857142863 0.9778219639033343 0.4028571428571429 0.9839400428265525 0.42228571428571426 0.9765983481186907 0.42914285714285716 0.963138574487611 0.428 0.9545732639951057 0.41314285714285715
5 0.9606913429183236 0.3845714285714286 0.97292750076476 0.3891428571428572 0.9680330376261853 0.40057142857142863
1 0.056439278066687006 0.40628571428571425 0.05032119914346895 0.4542857142857143 0.056439278066687006 0.4942857142857143 0.10293667788314466 0.49314285714285716 0.10293667788314466 0.4405714285714286 0.08702967268277766 0.43028571428571427 0.08825328846742125 0.41428571428571426 0.07846436219027231 0.4177142857142857 0.06867543591312325 0.412
1 0.10783114102171913 0.37542857142857144 0.09437136739063931 0.3925714285714286 0.10538390945243195 0.40171428571428575 0.10660752523707553 0.42342857142857143 0.1384215356378098 0.42914285714285716 0.13964515142245337 0.4085714285714286 0.1506576934842459 0.40171428571428575 0.14209238299174054 0.3822857142857143 0.13352707249923518 0.3845714285714286
1 0.16901193025390032 0.40628571428571425 0.16656469868461302 0.4154285714285714 0.17513000917711838 0.4337142857142857 0.19715509330070355 0.43942857142857145 0.20327317222392172 0.4074285714285714 0.19715509330070355 0.404
1 0.15677577240746407 0.364 0.16534108289996943 0.3777142857142857 0.14698684613031512 0.3765714285714286 0.14209238299174054 0.36628571428571427
1 0.16167023554603854 0.3525714285714286 0.16289385133068213 0.3628571428571429 0.1714591618231875 0.36742857142857144 0.17880085653104924 0.35714285714285715 0.17635362496176196 0.35485714285714287
1 0.2803609666564699 0.40171428571428575 0.2962679718568369 0.43142857142857144 0.2803609666564699 0.42914285714285716
1 0.2840318140104008 0.3902857142857143 0.3023860507800551 0.38342857142857145 0.3182930559804222 0.3925714285714286 0.3085041297032731 0.40171428571428575 0.3085041297032731 0.4165714285714286 0.2974915876414806 0.4165714285714286 0.2962679718568369 0.3948571428571429
2 0.19470786173141638 0.6097142857142858 0.18247170388498013 0.6554285714285715 0.19348424594677266 0.7891428571428571 0.2081676353624962 0.8942857142857144 0.21673294585500155 0.8725714285714286 0.26812480881003364 0.8805714285714286 0.2840318140104008 0.8097142857142858 0.28770266136433154 0.7365714285714285 0.30483328234934226 0.668 0.28525542979504437 0.6165714285714285
2 0.32685836647292754 0.5708571428571428 0.39660446619761397 0.5594285714285715 0.40394616090547575 0.5537142857142858 0.4210767818904864 0.5891428571428571 0.39660446619761397 0.6908571428571428 0.38436830835117775 0.756 0.38559192413582133 0.7742857142857144 0.3623432242275926 0.7731428571428571 0.3537779137350872 0.748 0.3488834505965127 0.7697142857142858 0.321963903334353 0.7731428571428571 0.3023860507800551 0.7182857142857143 0.31217497705720404 0.6725714285714286 0.33909452431936365 0.6645714285714286 0.3342000611807892 0.636 0.3305292138268583 0.6234285714285714
2 0.4810339553380239 0.5022857142857142 0.48837565004588557 0.5582857142857144 0.4798103395533802 0.6177142857142858 0.47491587641480576 0.6691428571428572 0.45289079229122053 0.6634285714285715 0.4455490975833588 0.6622857142857144 0.43086570816763536 0.6611428571428571 0.43331293973692253 0.6211428571428571 0.4394310186601407 0.5868571428571429 0.4259712450290609 0.5262857142857144 0.42352401345977364 0.49314285714285716
2 0.6352095442031201 0.6074285714285714 0.6866014071581523 0.6211428571428571 0.73309880697461 0.6325714285714286 0.7453349648210461 0.6451428571428571 0.7379932701131844 0.8325714285714285 0.6890486387274397 0.8348571428571429 0.6804833282349343 0.8165714285714285 0.671918017742429 0.8302857142857143 0.6890486387274397 0.9125714285714286 0.6352095442031201 0.9205714285714286 0.6205261547873968 0.8474285714285714 0.6266442337106148 0.8017142857142858 0.6144080758641787 0.6931428571428571
2 0.5152951973080453 0.48514285714285715 0.5458855919241359 0.48514285714285715 0.5617925971245028 0.49314285714285716 0.5458855919241359 0.604 0.5177424288773325 0.6245714285714286 0.518966044661976 0.5982857142857143 0.5287549709391252 0.5434285714285715 0.5079535026001836 0.5902857142857143 0.4993881921076782 0.5662857142857143 0.5152951973080453 0.5308571428571429
2 0.8676965432854082 0.49542857142857144 0.8701437748546957 0.5994285714285714 0.8897216274089935 0.6074285714285714 0.8872743958397064 0.5525714285714286 0.8982869379014989 0.5571428571428572 0.9031814010400735 0.6108571428571429 0.9276537167329457 0.6154285714285714 0.9203120220250842 0.5594285714285715 0.9190884062404404 0.5125714285714286 0.9117467115325789 0.492
2 0.1677883144692566 0.44742857142857145 0.16534108289996943 0.4897142857142857 0.18002447231569282 0.4885714285714286 0.1873661670235546 0.4817142857142857 0.20327317222392172 0.4451428571428572 0.1898133985928419 0.4382857142857143 0.17513000917711838 0.436
2 0.058886509635974305 0.5022857142857142 0.08458244111349036 0.4977142857142857 0.0968185989599266 0.5011428571428571 0.10416029366778837 0.5262857142857144 0.09437136739063931 0.5548571428571429 0.08091159375955947 0.58 0.057662893851330714 0.5754285714285714 0.058886509635974305 0.5525714285714286
2 0.1384215356378098 0.43142857142857144 0.12985622514530443 0.4805714285714286 0.1286326093606607 0.49314285714285716 0.11762006729886819 0.492 0.11394921994493731 0.468 0.12618537779137354 0.4531428571428572 0.12251453043744266 0.43028571428571427
2 0.10171306209850108 0.5457142857142858 0.12496176200672983 0.54 0.12618537779137354 0.5308571428571429 0.14086876720709696 0.5445714285714286 0.14086876720709696 0.5651428571428571 0.12129091465279908 0.5857142857142857 0.10293667788314466 0.58 0.09926583052921377 0.5605714285714286
6 0.3011624349954115 0.6188571428571429 0.30605689813398596 0.66 0.3231875191189967 0.6691428571428572 0.341541755888651 0.6588571428571429 0.33175282961150204 0.6405714285714286 0.3280819822575711 0.6142857142857143
6 0.5899357601713062 0.48514285714285715 0.6033955338023862 0.45542857142857146 0.6119608442948915 0.4405714285714286 0.6303150810645458 0.4462857142857143 0.632762312633833 0.47028571428571425 0.6156316916488223 0.4817142857142857
6 0.11884368308351177 0.6337142857142858 0.10783114102171913 0.6542857142857144 0.12006729886815537 0.6782857142857144 0.1323034567145916 0.684 0.14086876720709696 0.6702857142857144 0.14209238299174054 0.6337142857142858
6 0.20204955643927802 0.4257142857142857 0.2069440195778526 0.4508571428571429 0.21918017742428872 0.4542857142857143 0.20939125114713977 0.41314285714285715
6 0.033190578158458245 0.3891428571428572 0.033190578158458245 0.42114285714285715 0.0417558886509636 0.4245714285714286 0.04542673600489448 0.39371428571428574
3 0.2044967880085653 0.8897142857142858 0.25466503517895384 0.8942857142857144 0.24854695625573567 0.9365714285714286 0.21673294585500155 0.9445714285714285 0.20082594065463444 0.9411428571428571 0.19715509330070355 0.9091428571428571
3 0.32074028754970935 0.7788571428571429 0.2987152034261242 0.804 0.32074028754970935 0.8108571428571429 0.34643621902722543 0.7948571428571429 0.34276537167329457 0.7754285714285715
3 0.35255429795044363 0.7834285714285715 0.3537779137350872 0.7982857142857144 0.3537779137350872 0.804 0.36601407158152344 0.8131428571428571 0.3892627714897522 0.7994285714285715 0.386815539920465 0.7788571428571429 0.36479045579687974 0.7742857142857144
3 0.6413276231263383 0.9274285714285715 0.619302539002753 0.9457142857142857 0.6266442337106148 0.9582857142857143 0.6560110125420618 0.9605714285714285 0.6866014071581523 0.9468571428571428 0.6731416335270726 0.9251428571428572 0.6572346283267054 0.924
3 0.7404405016824718 0.7834285714285715 0.7453349648210461 0.8017142857142858 0.7661364331599879 0.8074285714285715 0.7808198225757111 0.8028571428571429 0.7930559804221475 0.7971428571428572 0.7795962067910676 0.7788571428571429
3 0.8713673906393393 0.612 0.8664729275007647 0.6177142857142858 0.8603548485775467 0.6188571428571429 0.8615784643621903 0.628 0.8811563169164882 0.6245714285714286 0.8909452431936372 0.62 0.8823799327011318 0.6062857142857143
3 0.910523095747935 0.6142857142857143 0.9044050168247171 0.6188571428571429 0.8933924747629244 0.6222857142857143 0.9044050168247171 0.628 0.9313245640868768 0.6257142857142858 0.9215356378097278 0.62
3 0.06011012542061789 0.5925714285714285 0.07968797797491589 0.5857142857142857 0.10416029366778837 0.6017142857142858 0.10171306209850108 0.6062857142857143 0.07356989905169771 0.6062857142857143 0.058886509635974305 0.604
3 0.47736310798409304 0.6725714285714286 0.4736922606301621 0.7022857142857143 0.45289079229122053 0.6977142857142857 0.45778525542979503 0.6702857142857144
3 0.5214132762312634 0.6234285714285714 0.558121749770572 0.6302857142857143 0.5544509024166412 0.6177142857142858 0.5360966656469868 0.6097142857142858
