5 0.24106463878326997 0.26751110907508363 0.3171102661596958 0.1701635439094782 0.3832699619771864 0.16329195107425898 0.4638783269961977 0.20910256997572035 0.4950570342205323 0.3041596041962527 0.5155893536121673 0.4770946905492694 0.4874524714828897 0.6248339365064822 0.49049429657794674 0.6775161482431629 0.4517110266159696 0.6946951303312108 0.3642585551330798 0.6465939804846764 0.3057034220532319 0.5687159283521921 0.2935361216730038 0.5377937605937056 0.27148288973384027 0.5320674332310229 0.24562737642585553 0.4438819918457098 0.23726235741444868 0.3511154885702506 0.2395437262357414 0.28812588758074126
5 0.4714828897338403 0.20108571166796466 0.5171102661596958 0.17130880938201473 0.5695817490494296 0.16787301296440513 0.6243346007604564 0.21253836639332996 0.6425855513307985 0.264075312657474 0.6623574144486692 0.3889092491639562 0.6486692015209126 0.46907783224151356 0.6395437262357414 0.5206147785056576 0.6273764258555133 0.5710064592972651 0.6038022813688212 0.6088002198909708 0.6 0.6305602638691649 0.5627376425855514 0.6282697329240918 0.5110266159695818 0.5801685830775574 0.5140684410646388 0.5377937605937056 0.5269961977186313 0.465642035823904 0.5049429657794676 0.37287553254844474 0.4988593155893536 0.3018690732511796
5 0.7019011406844107 0.20795730450318384 0.726235741444867 0.09572128819460349 0.7612167300380229 0.05678226212836134 0.7931558935361218 0.06365385496358054 0.8228136882129277 0.1266434559530899 0.8410646387832701 0.2205552247010857 0.8448669201520913 0.2972880113610335 0.806083650190114 0.40837876219707736 0.7901140684410646 0.44044619542810026 0.779467680608365 0.4324293371203445 0.7338403041825095 0.3373723028998122 0.7057034220532319 0.2663658436025471
1 0.8479087452471483 0.3545512849878602 0.8403041825095058 0.4129598240872234 0.7863117870722433 0.5068715928352192 0.7885931558935361 0.4393009299555637 0.7733840304182509 0.42326721334005224 0.726235741444867 0.450753584680929 0.7064638783269961 0.5114526547253654 0.6996197718631179 0.5790233176050209 0.7201520912547528 0.7072930505291126 0.7885931558935361 0.905423977277933 0.8220532319391635 0.9821567639378809 0.8197806376133372 0.9969879518072289 0.8935361216730039 0.9947546841357827 0.8745247148288975 0.8241101287278392 0.8996197718631179 0.6729350863530167 0.9095057034220533 0.5045810618901462 0.9102661596958176 0.4438819918457098 0.8790874524714829 0.4152503550322965
1 0.2737642585551331 0.6614824316276513 0.1262357414448669 0.7760089788813047 0.1490494296577947 0.7748637134087681 0.152851711026616 0.9157313665307618 0.2114068441064639 0.9180218974758348 0.22509505703422053 0.7863163681341335 0.27908745247148287 0.6752256172980897
1 0.4950570342205323 0.6133812817811168 0.4973384030418251 0.6454487150121399 0.5619771863117872 0.8138027394750104 0.6593155893536122 0.8481607036511064 0.7376425855513308 0.8458701727060334 0.726235741444867 0.8034953502221814 0.7019011406844107 0.7714279169911586 0.6555133079847908 0.6798066791882359 0.5946768060836503 0.6488845114297495
1 0.6357414448669201 0.5503916807916075 0.5992395437262358 0.6305602638691649 0.5961977186311788 0.6431581840670667 0.6631178707224336 0.6946951303312108 0.7247148288973385 0.7954784919144259 0.7399239543726235 0.8493059691236429 0.7787072243346008 0.885954464244812 0.729277566539924 0.7324888909249164 0.6897338403041824 0.6191076091437996
1 0.2608365019011407 0.5355032296486326 0.05399239543726236 0.7290530945073068 0.03878326996197717 0.7485226075404279 0.09429657794676806 0.7668468551010125 0.11558935361216728 0.7714279169911586 0.15969581749049427 0.7542489349031106 0.27604562737642585 0.6569013697375051 0.26692015209125475 0.6145265472536534 0.27452471482889734 0.5710064592972651 0.2775665399239544 0.5435200879563883
6 0.7330798479087453 0.7176004397819414 0.7513307984790875 0.7256172980896972 0.7779467680608366 0.718745705254478 0.8022813688212928 0.7450868111228183 0.850190114068441 0.7256172980896972 0.8623574144486693 0.7634110586834029 0.861596958174905 0.8149480049475468 0.8015209125475284 0.8447249072334968 0.7627376425855514 0.8252553942003756 0.7277566539923955 0.7279078290347704 0.7254752851711028 0.716455174309405
6 0.7627376425855514 0.5538274772092171 0.8669201520912547 0.3637134087681525 0.8920152091254754 0.20910256997572035 0.8950570342205324 0.21482889733840305 0.8920152091254754 0.2778184983279124 0.9095057034220533 0.2606395162398644 0.9247148288973385 0.22399102111869532 0.932319391634981 0.24346053415181637 0.9307984790874525 0.28239956021805857 0.9285171102661598 0.313321727976545 0.91787072243346 0.3373723028998122 0.902661596958175 0.3591323468780063 0.8859315589353611 0.38318292180127356 0.8722433460076044 0.40723349672454073 0.8015209125475284 0.5939117687479958 0.7863117870722433 0.635141325759311 0.7749049429657796 0.6443034495396033
6 0.5125475285171103 0.8298364560905217 0.5771863117870724 0.8092216775848642 0.6669201520912548 0.8458701727060334 0.7361216730038023 0.8504512345961794 0.7703422053231939 0.8974071189701773 0.7749049429657796 0.9638325163772963 0.7429657794676807 0.9741399056301251 0.7249049429657796 0.9969879518072289 0.5460076045627377 0.9969879518072289 0.5847908745247148 0.9649777818498327 0.5817490494296578 0.9409272069265655 0.5543726235741444 0.9592514544871502 0.48299804124899204 0.9969879518072289 0.46463878326996194 0.9878830913005635 0.4653992395437262 0.9638325163772963 0.4714828897338403 0.9455082688167118 0.535361216730038 0.905423977277933 0.5961977186311788 0.8790828714095927 0.5840304182509506 0.8653396857391543 0.5536121673003802 0.8630491547940813
6 0.152851711026616 0.9214576938934446 0.21749049429657794 0.9180218974758348 0.3338403041825095 0.9226029593659811 0.34448669201520915 0.939781941454029 0.3171102661596958 0.9649777818498327 0.2661596958174905 0.969558843739979 0.24410646387832702 0.9833020294104174 0.24410646387832702 0.9969879518072289 0.0600760456273764 0.9958999496083193 0.05551330798479086 0.9752851711026617 0.1505703422053232 0.9764304365751981
8 0.2509505703422053 0.7313436254523799 0.3581749049429658 0.7508131384855009 0.5186311787072243 0.7061477850565762 0.5619771863117872 0.8138027394750104 0.5840304182509506 0.9615419854322232 0.5399950938304918 0.9969879518072289 0.24790874524714826 0.9969879518072289 0.21368821292775664 0.9214576938934446 0.22053231939163498 0.7874616336066701
