5 0.31333333333333335 0.07828571428571429 0.3422857142857142 0.037142857142857144 0.42761904761904757 0.04171428571428572 0.4672380952380953 0.09771428571428573 0.4535238095238095 0.14457142857142855 0.4230476190476191 0.17885714285714283 0.3468571428571428 0.1697142857142857 0.31180952380952387 0.11371428571428573
5 0.6241904761904762 0.3 0.5784761904761905 0.308 0.5617142857142858 0.3845714285714286 0.5860952380952381 0.4382857142857143 0.6287619047619049 0.4485714285714286 0.6699047619047618 0.42 0.6927619047619049 0.35828571428571426 0.6897142857142856 0.31942857142857145 0.647047619047619 0.29314285714285715
6 0.21580952380952384 0.21314285714285713 0.21580952380952384 0.26 0.20666666666666667 0.3628571428571429 0.18533333333333332 0.3982857142857143 0.10914285714285718 0.3925714285714286 0.05733333333333333 0.3525714285714286 0.00552380952380948 0.33771428571428574 0.013142857142857187 0.276 0.05580952380952385 0.2817142857142857 0.07104761904761911 0.28628571428571425 0.068 0.32971428571428574 0.1335238095238095 0.34457142857142864 0.17923809523809525 0.3411428571428572 0.196 0.24628571428571427
6 0.5083809523809525 0.2017142857142857 0.48552380952380947 0.26571428571428574 0.5495238095238095 0.2988571428571429 0.5876190476190476 0.29314285714285715 0.6196190476190477 0.292 0.644 0.29542857142857143 0.6988571428571428 0.3205714285714286 0.7445714285714284 0.3228571428571429 0.8603809523809522 0.3045714285714286 0.9289523809523811 0.292 0.9396190476190477 0.2645714285714286 0.9259047619047618 0.2497142857142857 0.8939047619047618 0.25085714285714283 0.8740952380952383 0.244 0.8527619047619049 0.26342857142857146 0.8405714285714284 0.276 0.6973333333333334 0.28285714285714286 0.6028571428571429 0.2554285714285714 0.5617142857142858 0.22457142857142856
6 0.484 0.47485714285714287 0.484 0.5251428571428571 0.47638095238095246 0.5811428571428571 0.47790476190476194 0.6965714285714285 0.45047619047619053 0.7057142857142857 0.42 0.6977142857142857 0.40476190476190477 0.6782857142857144 0.4108571428571428 0.6302857142857143 0.4337142857142858 0.6302857142857143 0.4245714285714286 0.5365714285714286 0.4398095238095239 0.5034285714285714
6 0.7415238095238095 0.4725714285714286 0.7613333333333333 0.5388571428571429 0.7872380952380951 0.612 0.7918095238095239 0.6668571428571429 0.8024761904761906 0.7022857142857143 0.8253333333333334 0.7251428571428571 0.8786666666666667 0.716 0.8771428571428572 0.6657142857142858 0.864952380952381 0.6634285714285715 0.8420952380952382 0.6497142857142858 0.8375238095238094 0.6257142857142858 0.8146666666666667 0.5994285714285714 0.8192380952380951 0.5434285714285715 0.7979047619047618 0.5011428571428571
2 0.18838095238095245 0.4714285714285714 0.2539047619047619 0.484 0.40476190476190477 0.4714285714285714 0.4169523809523809 0.5765714285714285 0.2889523809523809 0.5822857142857143 0.2874285714285714 0.5731428571428571 0.27676190476190476 0.5731428571428571 0.2691428571428572 0.5845714285714285 0.18533333333333332 0.5834285714285714 0.1685714285714286 0.4885714285714286
2 0.5175238095238095 0.7605714285714286 0.47790476190476194 0.7731428571428571 0.49161904761904757 0.7857142857142858 0.5876190476190476 0.8497142857142858 0.640952380952381 0.8611428571428571 0.7125714285714284 0.7982857142857144 0.7552380952380952 0.7754285714285715 0.7415238095238095 0.7571428571428571 0.6912380952380951 0.7708571428571429 0.5860952380952381 0.7662857142857143
7 0.17923809523809525 0.5857142857142857 0.27219047619047615 0.5857142857142857 0.2980952380952381 0.7491428571428571 0.3392380952380953 0.8748571428571429 0.3514285714285714 0.998 0.26761904761904753 0.998 0.33009523809523805 0.9685714285714285 0.2889523809523809 0.8702857142857143 0.2569523809523809 0.7354285714285714 0.21276190476190474 0.6737142857142858
7 0.2980952380952381 0.5857142857142857 0.30723809523809525 0.7171428571428571 0.3422857142857142 0.7937142857142858 0.3590476190476191 0.8702857142857143 0.3742857142857142 0.9205714285714286 0.3651428571428572 0.9937142857142858 0.3742857142857142 0.9948571428571429 0.4382857142857142 0.8474285714285714 0.4032380952380953 0.7171428571428571 0.39257142857142857 0.6977142857142857 0.4184761904761905 0.5788571428571428
7 0.47333333333333333 0.7845714285714286 0.5281904761904761 0.8165714285714285 0.5708571428571428 0.8554285714285714 0.5617142857142858 0.9057142857142858 0.5068571428571428 0.9594285714285714 0.49466666666666664 0.9948571428571429 0.3773333333333351 0.998
7 0.644 0.8622857142857143 0.7110476190476189 0.8017142857142858 0.7491428571428572 0.7811428571428571 0.8238095238095239 0.9594285714285714 0.8267482993197278 0.998 0.7323809523809522 0.998 0.6881904761904761 0.9594285714285714
8 0.21733333333333332 0.2154285714285714 0.30876190476190474 0.18228571428571427 0.3819047619047619 0.196 0.4489523809523809 0.188 0.5022857142857142 0.204 0.4809523809523809 0.2874285714285714 0.4017142857142858 0.46571428571428575 0.2539047619047619 0.4828571428571429 0.18990476190476194 0.46457142857142864 0.22190476190476194 0.4028571428571429 0.2325714285714286 0.3228571428571429 0.21580952380952384 0.29314285714285715 0.21580952380952384 0.22685714285714284
8 0.5540952380952381 0.45542857142857146 0.608952380952381 0.46342857142857147 0.676 0.4428571428571429 0.7232380952380951 0.5057142857142857 0.7582857142857143 0.588 0.7308571428571428 0.6805714285714286 0.7415238095238095 0.756 0.6135238095238095 0.7731428571428571 0.5144761904761905 0.756 0.4900952380952381 0.7457142857142858 0.49466666666666664 0.6565714285714286 0.4900952380952381 0.62 0.49314285714285716 0.58 0.5205714285714286 0.5125714285714286
